3 3 3 3 3 25 1851 3 3 3 3 3 3 3
3 3 3 3 25 3 3 14 3 3 3 3 3
3 1171 4 3 3 3 3 3 3 3 3 3 3 3 3 3 3 3
3 3 3 3 3 3 3 3 3 4 1172 4 3 3 3 3 3 3 3 3 3 3 3
3 3 3 3 3 3 3 3 3 3 3 3 3 3 936 3 3 3 3
3 3 933 3 4 1173 4 3 3 3 3 3 3 3 3 3 3 3 3 3 3 1849 3 1175 3 3 3 3 3 3 3 3 3 3 3 3 3 3 3 3 3 3 3 1176 3 3 3 3 3 3 3 3 3 3
3 3 3 3 3 3 3 3 10 3 3 3 3 3 3 3 3 3 3 3 3 3 3 3
3 3 3 3 3 3 3 3 933 3 3 3 3 3 4 933 3 3 928 1737 3 1018 3 4 964 1177 936 3 3 3 3 3 3 3
3 3 3 3 3 3 3 3
148 979 3 3 3 3 3 3 1849 3 3 3 3 3 3 3
3 3 3 3 3 3 3 3 937 3 3 3 3
3 3 3 3 3 3 3 3 3 3 3 3 3
3 3 3 3 3 3 3 3 3 3 17 3 3 3 3 3 3 3 3 3
3 3 3 3 3 3 3 3 931 1178 3 3 3 3 3 3 3 3 3 3 3 979 928 3 3 3 3 3 3
3 3 3 3 3 8 3 3 3 3 8 3 3 3
3 3 8 3 3 3 3 3 3 5 3 3 3 3 3 3 3 3 3 3 3 3 1850 3 3 3
3 3 3 3 3 3 3 3 3 3 3 3
3 1071 927 3 3 3 3 1020 3 3 3 3 999 3 3 3 3 3 3 1180 1849 1000 3 3 3 3 3 3 3
3 3 804 3 3 5 3 4 4 4 927 3 3 3 3 3 3 928 1738 3 3 3 5 3 3 955 3 3 3 3 3
3 3 5 3 3 3 3 3 3 3 3 3 4 4 3 817 3 3 931 3 3 3 1849 1727 3 3 3 3 1849 3 3 3 928 1183 3 3 3 935 3 4 931 3 3 1184 3 3 1849 3 1021 3 3 3
3 3 3 3 3 3 3 3 3 818 935 3 3 3 3 3 3 3 3 3 3 3 3 3
3 3 3 3 3 3 3 3 3 3 3 3 3 3 3 3 3 3 3 3 3
3 3 3 3 3 3 3 3 3 3 3 3 1741 3 3
3 3 3 3 4 3 3 3 3 1073 3 3 3 3
3 3 3 3 3 3 3 3
3 1022 3 3 1186 3 3 3 4 1858 3 3 7 3 3 3 3
3 3 3 3 3 3 3 3 3 3 3 3 3 3 3 3 3 3 3 3 3 3 3 3 3 3 3 3 3 3
3 3 3 4 1187 3 3 3
3 3 3 49 3 3 3 3 3
3 3 3 3 3 3 3 3 3 3 3 3
3 3 3 3 3 3 3
3 1742 3 3 3 3 3 4 3
3 12 1024 3 3 3 3 3 3 3 3 3 3 3
3 1188 3 3 19 3 3 3 3 3 3 3 3 3 3 3
3 3 3 3 3 3 3 3 1728 3 3 3 3 3 3 3 3 3 3 3 3 3 3
3 3 3 3 3 3 3 3 3 3 3 3 3 3 3 3 3 3 3
3 3 3 3 3 3 3 1189 3 3 3 3 3 3 3 3 3 3 3 4 1001 3 1190 3 3 3 10 3 3 3 3
3 3 3 3 3 3 3 3 3 3 3 3 3 3 3 3 3 3 3 3 3 1743 3 3 3 3 3 3
3 3 3 3 3 3 3 3 3 964 3 3 3 3 3 3 3 3
3 3 3 3 3 3 980 3 3 3 3 3 3 3 3 3 3 3 3 3
3 3 3 3 3 3 3 3 3 3 3 1191 4 3 3 3 3 3 3 3 3 3 3 3 3 3
3 3 3 3 934 3 3 3 3 3
3 3 3 3 3 3 3 3 3 1728 3 3
3 3 4 981 3 3 3 3
3 3 3 3 3
3 3 3 3 3 3 3 3 3 1025 4 3 3
3 3 3 3 3 3 3 3 1192 4 3 3 3 3 3
3 3 3 3 3 3 3 3 3 3 3 3 3 3 3 3 3
3 3 3 3 3 3 3 3 3 3 3 3 3 3 3 3 3
3 3 3 3 3 3 3 3 5 972 1850 3 3 26 933 3 3 3
3 3 3 3
3 3 3 3 3 3 3 3 3 3 3 3 3 3
3 3 3 3 3 3 4 272 3 3
3 3 3 3 3 3 3 3 3 4 8 3 3 3 3 3
3 3 3 3 3 3 3
3 3 3 3 3 3 3 3 3 3 3 3 3 3 3 3 3 3 3
3 3 3 3 3 3 3 3 3 3 1849 4 4 17 3 3 3 1021 958 3 3
3 3 3 3 3 3
3 3 3 3 3 3 3 3 3 3 3 3 3 3 3 3
3 3 3 3 3 3 3 3 3 4 1196 3 3 3 3 3 3 3
3 3 3 3 3 3 3 3 3 3 3 3 3 3 3 3 3 3 3 3 3 3 3 3 3
3 3 3 3 3 3 3 3 3 3 3 4 4 3 3 3 3 3 3 4 3 3 3
3 3 3 3 3 3 822 3 3 3 3 948 3 3 4 3 3 3 3 3 3 3
3 5 3 1197 3 3 937 3 5 3 3 3 3 3 3 8 1724 3 3 3 1002 3
3 3 3 3 3 3
3 3 3 3 3
3 3 3 3 3 3 3 3 3
3 3 3 3 3 3 3 3 3 3 3 3
3 3 3 3 3 4 4 1198 3 3 3 3 3 3 3 3
3 3 3 3 3 5 3 3 3 3 3 3 3 3 3
3 3 3 3 3 3 3 3 3 3 3 3 3 3
3 3 3 3 5 3 3 277 3 3 3 3 3 3 3 3 3 3 3 3 3 3 3 3
3 3 3 3 3 3 3 3 3 3 3 3 3
3 3 3 3 3 3 3 3 3 3 3 3 3 3 3 3 3 3 3
3 3 3 3 3 3 3 3 3 3 941 3 3 3 3 3 3 3 3
3 3 3 3 3 3 3 3
3 3 3 3 3 3 3 3 3 3
3 3 3 3 3 1026 3 3 3 3 3 3
3 3 4 3 1074 3 3 3 3 3
3 3 3 3 4 952 3 3 3 3 3 10 3 3
3 3 3 3 3 3 3 3
3 3 3 3 3 3 3 3 3 3 3 3 3 3 3 3 3 3 3 3 3 3 3
3 1003 3 5 3 3 3 3 1075 3 3 77 3 3
3 3 3 3 3 3 3 3 3
3 3 3 3 3 3 3 3 3 3 3 3 3 3 3
3 3 3 3 3 5 3 3 3 3 3 3 3 3 3 4 1076 3 4 973 4 3 3 3 3 3 4 4 1200 3 3 3 3 3 3 3 3 3 4 1201 3 1003 3 1077 927 3 3 3 3 3 3 3 3 3 3 3 3 3 3 3 3 3
3 3 3 3 3 937 3 6 956 3 3 3 3 3 3 3
3 3 3 3 3 3 3 3 3 3 3 3
3 3 3 3 4 3 823 3 3 3 3 1202 1203 3 3 3 3 3 4 3 3 3 3
3 946 3 3 52 3 3
3 3 3 3 3 3 3 3 3 3 1857 3 3 3 3 958 3 3 3 3 3 3 3 3 3 3 3 3 3 3
3 3 3 3 3 3 3 3 3
3 3 3 1857 3 3 3 3 3 1857 3 3 3 1205 3 3 3
3 3 3 3 3 6 956 3 1851 3 3 3 3
3 5 3 943 3 3 3 5 3 3 3 3 3 3 3
3 3 3 3 3 3 3 3 6 975 3 3 1207 3 3 3 3 3 3 3 3
3 1028 3 1857 3 3 3 3 3 3 3 3 3 3 3 3
3 3 3 3 3 3 3 3 3 3 3
3 3 3 3 3 3 3 3 3 3 3
3 3 3 3 3 3 3 3
3 3 3 3 3 3 3 3 3 3 3 3 3 3 3 3 3 3 3 3 3
3 3 3 3 5 3 3 3 3 3 3 3 4 3 935 3 3 965 3 3 982 3 3 3 3 3 3 3 3
3 7 3 3 3 3 3 3 3 928 1004 3 3 3 3 3 1209 3 1746 928 1210 3 1078 3 3 3 3 3 3
3 3 3 3 3 3 3 3 3 958 3 3 3 3
3 3 3 3 3 3 3 3 3 3
3 3 3 933 3 3 3 3 3
3 3 3 3 3 3 3 3 6 1029 3 3 3 3 3 972 3 3 3 3 3
3 3 3 3 3 3 3 3 3 3 3 3 3 3 3 3 3 3 3 3
3 3 3 3 3 1849 3 3 3 3 3 3 3 3 3 3 3 3
3 3 3 3 3 3 4 1211 3 3 3 3 3 3 3 5 5 3 3 3 3 3 3 3 3 3 3 3 3 3 1212 3 3
3 3 3 1747 938 3 3 3 1213 3 3 1866 3 6 983 3 5 3 3 3 3 931 1031 938 1032 928 975 3 3 3 3 3 3 3 3 3 3 3 3
3 3 3 3 3 3 3 3 3 3 4 3 4 3 3 3 3 3 4 3 3 3 3 3 3 3 3 3 1214 933 3 3 5 3 3 3
3 3 807 3 3 3 6 1033 3 3 3
3 5 1215 3 3 3 3 3 4 4 1216 3 3 3 3 3 3 3 3
3 1217 3 5 934 3 3 3 3 3
3 3 3 3 3 3 3 3 3 4 4 3 3 3 3 3 4 4 4 1218 3 3 3 3 3 3 3 3 3 3 3 5 3 3 3 3 3 826 3 3 3 3 3
3 3 3 3 3 3 3 3 3 3 3 3 3 3 3 3 3 3 3 3 3 3 3 3 3 5 3 3 3 3 3 3 3 3 3 5 3 3 3 3 3 3 3 3 3 3 3 3
3 3 3 3 3 3 3 3 3 3 3 3 972 3 1219 3 3 3 3 3 3 3 3 3 3 3 3 3 3 3 3
3 3 3 3 3 3 3 3 3 3 4 4 3 3 3 3
3 3 1220 3 3 3 3 3 3 3 3 3 3 3 3 3 3 3 3 3 4 3 3 1221 3 3
37 1222 7 1223 3 3 3 3 3 3 3 4 4 4 4 4 3 3 3 3
3 3 3 3 3 3 3 965 3 3 3 3 3 3 3 3 3
3 3 3 3 3 3 3 3 3 3 3 3 3 3 3 3 3 1224 927 984 3 3 3 3 101 931 934 3 3 5 3 948 3 3 3 38 3 3 3 3 3 3 3 3 3 3 3 3 3 3
3 3 3 3 3 3 3 8 3 3 3 3 3 3 3 3 3 3 3 1034 3 3 3 4 4 4 303 3 1749 3 3
3 3 3 3 3 3 3 3 3
3 3 3 3 3 3 3 3 3 3 3 3 5 3 3 3 3 3 3 5 1750 3 3 3 3 7 1226 1227 6 1033 3 1751 3 3 3 3 3 3 948 3 3 3 6 985 3 3 3 6 3
3 3 3 3 3 4 3 4 44 3 3 3 3 3 927 3
3 929 3 3 3 3 14 3 3 3 3 3 3 1228 3 3 3 3 3 3 3 3 3 3 3 3 3 4 971 3 3 3 3 3
3 1229 3 3 3 1080 3 3 3 3 3 3 3 3 3 3 3 3 3 3 3 929 15 3 3 1752 3 3 3 4 4 3 3 3 3 308 3 3
3 3 953 1081 3 3 3 3 3 3 3 3 3 3 3 3 3 3 3 3 3 3 1231 3 3 3 3 3 1232 3 1082 3 4 4 3 3 3 3 3
3 3 3 980 3 1233 4 3 1234 1035 4 3 3 928 3 980 3 4 930 3 3 3 1869 4 986 3 3
3 5 3 3 1235 3 3 3 3 1236 4 3 1005 3 3 4 4 3
3 3 3 3 3 3 4 1237 3 3 3 4 4 1238 3 3 3 1036 1239 3 3 3 3 3 3 3 3 4 3 3 3 3 3 928 987 3 3 3 3 1240 3 3
3 3 4 1241 3 3 3 3 3 3 3 3 3 3 3
3 3 3 3 3 3 5 988 3 1753 3 3 3 3 3 3 3 3 3 3
3 3 3 3 3 3 944 3 3 976 3 3 3 3 3 3 18 3 3 3 3 3 3 928 1006 3 3 3 3 3 4 3 3 3 3
3 3 3 4 1242 3 3 3 3 3 3 3 3 3 3 3 3 1849 3 3 3 937 1855 3 3 3 3
3 3 3 3 3 3 3 1857 3 3 954 3 3 3 4 3 3 3
3 3 8 3 3 3 928 1037 5 3 3 3 3 3 3 3 3
3 3 4 1885 3 3 3 3 3 3
3 3 3 3 3 3 3 952 3 3 3 3 928 3 3 3 3 3 3
3 3 3 3
3 3 7 3 3 3 3 3 3 3 952 942 3 3 3 15 3 3 3 3 3 3
3 3 3 3 3 43 3 3 3 3 928 1245 3 3 3 3 4 3 3 3 3 3 3 939 3 3 3 3 3
3 3 5 974 3 3 4 4 979 3 3 3 3 1039 3 3 3 3 3
3 3 3 3 5 30 1886 3 3 3 85 3 3 3 3 3 982 3 1247 3 3 3 3
3 3 3 3 3 3 3 3 3 3 3 3 3
3 3 1085 943 4 3 3 3 3 3 3 3 3 3 3 3 3
3 3 3 3 3 3 3 3 3 3 3 3 3 3 3 3 1852 3 3 3
3 3 3 3 3 989 1248 4 3 3 3 3 1851 3 3 3 3 3 976 3 965 3 3 3 3 3 3
3 1028 3 3 3 3 3 3 3 3 3 3 3 3 927 3
3 3 3 3 3 3 3 3 3 3 3
3 3 3 5 3 1249 4 3 3 3 3 3 3 3 3 3 3 3
3 3 3 328 3 3 3 3 3 3 3 832 3 3 3 3
3 3 3 3 3 3 3 3 3 1039 3 3 3 3 3 3 3 3 3 3 3 3 3 3 3 3 3 3
3 3 3 989 3 3 3 3 3 3 1851 3 3 3 1251 3 1252 3 3 3 3 3 3 3 3 3 3 3 3 3 3 3 3 3
3 3 3 3 3 3 3 3 3 3 1039 3 3 3 3 3 3 3 942 3 3 1857 3 3 3 3 3 3 3
3 3 3 3 3 3 3 3 3 3 3 3 3 3 6 3
3 3 3 3 3 3 3 3 3 3 3 3 3 3 3
3 3 3 3 3 3 3 3 3 3 3 3 3 3 3 3 3 3 3 3 3 3
3 3 3 3 3 3 3 3
3 3 3 3 3 3 3 3 3 3
3 3 3 3 3 3 3 3 3 3
3 3 3 1254 3 3 3 3 3 3 3 1755 8 3 3 3 3
3 3 3 3 3 3 3 3 3
3 949 3 3 3 3 3 3 3 3
3 3 3 3 3 3 942 3 3 3 4 3 3 3 3 3 3 3 3 961 3 3 1725 3 333 3 3
3 3 3 3 3 3 3 3 3 3 3 3 3 3 3 11 3 3 3 3
3 3 3 3 3 5 3 3 3 3 3 3 3 5 3 3 1853 3 3 3 3 3
3 3 941 3 3 1860 3 3 4 3 3 3 3 3 3 3 3 3 3 4 1087 3 3 3 3
3 3 3 3 4 3 3 3 3 3 944 3 3 3 5 3 1257 960 3 3 3 3 1258 3 3 3 3 3 3 3 3 3 3 3 3 3 3 3 3
337 935 1260 3 3 3 3 3 3 3 968 4 3 3 3 4 3 3
3 3 3 5 3 3 1041 4 4 3 3 3 3 3 3 3 3 3 3 3 944 3 3 3 3 3
3 3 3 3 3 3 3 3 3 3 3 3 3 3 3
3 4 4 4 4 3 3 3 3 3 3 3 3 3 3 3 3
3 3 1088 1034 3 3
3 3 3 3 3 3 3 3
3 3 3 3 3 3
3 3 3 3 3 3 3 3 3 3
3 3 3 3 3 3 3 3 3 1850 1090 3 3 3 3 3 3 3 982 3 3 3 3
3 3 3 3 4 4 3 3 3 3
3 3 3 3 3 3 3 3 3 1002 3 3 3
3 3 3 3 9 3 3 3
3 3 3 3 3 3 3 3 3 3
3 3 3 3 3 3 3 3 3 3 3 3
3 3 3 9 3 3 3 4 3 3 339 3 3
3 3 3 3 1851 3 3 3 3 1857 3 3 3 3
37 1756 3 3 1857 3 1851 3 3 3 3 1857 3 3 49 3 3 3 3 3
3 3 3 3 3 11 3 3 3 3 3 3 3 3 3 3 3
835 1758 3 3 1857 3 3 3 68 3 3 940 3 4 345 3 3
3 3 3 3 3 3 3 1876 3 3 3 3 3 3 931 3 3 3 3 3 3 3 3
3 3 3 3 3 3 3 942 3 3 3 3 3 3 3 3 3 3 3
3 5 3 3 3 3 3 3 3 3 3 3
3 3 3 3 3 3 3 3 3 3 3 3 3 1727 3 3 3 3 3 3
3 1268 3 3 3 3 3 3 3 3 3 5 1269 3 3 3 3 3 3
3 3 3 3 3 3 3 3 3 3 3 3 3 1759 3 3 3
3 3 3 3 3 3 3 3 1857 3 3 3 3 3 3 3 3 990 4 3 838 3 1271 3 3 3 3 3 3
3 3 3 3 5 3 3 3 4 4 1272 3 3 3 3 3 1273 3 3
3 3 3 3 3 3 3 3 3 3
3 3 3 3 3 3 937 3 3 3 3 3 3 3 3
3 3 3 3 3 3 3 3 3 3 3 3 3 3 3 3
3 3 3 3 3 3 3 3 3 3 3 3 3 3 3 3 3
3 3 3 3 3 3
3 3 3 3 3 3 932 3 3 3 3 3 3 3 3
3 3 3 3 3 3 3 4 1274 4 3 3 3 3 3 3
3 11 3 12 3 3 3 4 1092 4 3 3 3 3 3
3 3 3 3 3 3 3 3 3 3 3 3 3 3 3 3 3 3 3 3
3 3 3 3 3 3 3 969 3 3 3 3 3 3 3 3 3 3 5 3 3 3 3 3 3 3 3 3 3 3 3 3 3 3 3 3 3 3 3 3 3 3 3 3 3 3 3 3 3 3 3 3 3 3 3 3 3 3 3 3 3 3 3 3 3 3 3 3 3 3 3 3 3 3 3 3 3 3 3
3 3 3 3 3 3 3 3 3 3 3 3
3 3 3 4 3 3 991 3 3 3 3 932 3 3 3 3 3 3 3 3 940 3 3 3 3
3 3 3 3 3 3 1042 3 3 4 1092 4 3 3 3 3 3 3 3 3 3 3 3 3 3
3 3 3 3 3 3 3 3 3 3 3 3 3 3 3 3 3 3 3 3 1761 3 3
3 3 3 3 3 3 3 3 3 3 3 3 3 3 3 3 3
3 808 3 3 801 3 3 17 3 3 3 3 3 6 3 992 3 3 3 3 3 840 27 1275 1093 3 4 3 3 3 3 3 928 946 940 3 928 1028 3 3 3 3 940 3 3 5 3 3 3 3 6 1763 3 3 3 5 3 3 3 940 3 5 3 3 1851 3 3 3 931 3 3 3 3 957 3 928 1094 3 1857 957 3 3 4 3 3 3
3 18 3 3 3 3 801 5 19 21 3 3 842 945 3 940 3 3 3 3 1278 3 3 3 6 975 3 3 3 3 940 4 3 3 3
3 3 3 3 3 928 1765 3 3 3 3 1008 3 931 3 3 3 3 3
3 1095 3 4 1025 3 3 3 3 3 3 3 3 3 3 3
3 3 3 3 1766 3 3 3 3 3 3 3 3 3 3 3 3
3 3 3 3 3 3 3 3
3 808 3 3 3 3 3 3 3 3 3 3 3 3 3 3 3 3
3 3 3 3 5 3 3 3 3 3 3 3 3 3 3 3 3
3 3 3 3 3 3 3 3 3 3
3 3 3 3 3 3 3 3 3
3 3 3 3 3 3 3 3
3 3 3 3 3 3 3 3 4 3 3 3 3
3 3 3 3 3 3 3 3 3 3 3 3 3 3 3 3
3 3 3 3 3 3 3 3 3 3 3
3 3 3 3 3 3 3 3 3 3 3 3 3 3 3 3 3 3 3 3
3 3 3 845 3 3 3 3 3 3 3 3 3 4 1279 4 3 3
3 3 3 3 3 3 3 3 3 3 3
3 3 3 3 3 3 3
3 3 3 3 3 3 1087 3 3 3 5 3 3 3 3 3 3 3 3
3 3 3 3 3 3 3 3 3 3 3 3 944 4 4 3 3 3 3 3
3 3 3 3 3 3 3 3 3 3 3 3
3 3 3 3 3 3
3 3 3 3 3 3 3 3
3 3 1849 3 3 3 3 3 3 3 3 3 3 3 3 3
3 3 3 3 3 3 3 3 3 3 3 3 1281 936 1282 3 3 3 3 3 3 3 3 3 3 3 3 3 3
3 3 3 3 3 3 3 3 3 3 3 3 3 3 3 3 934 3 3 3 3
3 3 4 1872 932 3 3 3 3 3 3 3 3 3 3 932 3 3 3
3 3 3 846 3 3 4 4 4 3 3 3 3 3
3 3 3 3 3 3 3 3 3 3 3 3 3 3 1284 7 3 3 3 3 3 3 3 3 3 3 3 4 933 3 3 3 3 174 3 4 4 3 3
3 3 3 3 3 3 3 3 3 1769 3 3 3 3
3 3 3 3 1043 3 3 1097 971 3 3 3 3 3 3 3 1043 3 929 3 4 4 4 3 3 3 3 1098 1008 1099 3 1043 3 3
3 3 1770 3 26 3 1042 3 3 3 3 3 4 3 3 14 3 3 3 3 3 3 1098 3 3
3 3 3 3 3 3 3 3 1849 3 3 1771 1020 3 1849 3 3
3 3 3 3 3 3 3 3 3 1286 3 3 3 3 3 3
3 3 936 1871 4 3 3 3 3 3 3 3 3 3 3 3 930 3 3 3 3 3 927 3 3 3 930 3 3 3 850 1287 3 3 3 3
3 4 1094 3 3 3 3 1001 4 3 3 1850 3 3 3 3 3 3 3 4 3 3 3 3 3 3 3 3 3 3 3
3 3 3 3 3 3 3 3 4 3 937 3 3 3 3 3 933 3 3 958 3 980 937 929 3 3 3 3 3 3 1868 3 3
23 1101 3 1005 1102 3 1009 3 3 4 4 1103 3 3 3 3 985 935 3 954 3 3 3 3 1288 1045 1289 938 3 1849 3 933 4 1291 3 3 1292 3 985 1085 4 3 3 3 3 941 371 927 3 3 3 4 950 3 3 19 3 4 3 3 949 1046 1857 3 3 1849 3 1773 1102 3 3 1070 3 3 3 7 3 3 3 929 3 3 3 3 1295 933 3 3 4 3 3 1774 955 3 3 1849 3 3 3 3
3 22 950 1097 7 3 3 941 3 3 1297 3 3 3 3 3
3 1298 1105 3 3 3 3 35 3 937 3 1849 3 3 3 3 3 3 3 3 3 3 3 3
3 3 4 4 3 1866 3 4 4 1300 4 4 1105 3 1106 1002 3 928 1775 3 4 4 4 1107 3 1849 3 1849 3 3
3 3 4 940 3 3 3 3 3 3 3 3 3 3 3 3 3 3 3 3 5 3 3 3 3 3 3 3 3 3 3 3 3 3 3 3
3 3 3 3 3 3 3 3 3 3 3 3 3 3 3 3 3 3 3 3 3 3 3
3 3 3 3 3 4 3 3 3 3 3 3 3 3 973 3 3 3 3 3 3 3 3 937 3 3 3 3 3 3 3 3 3 3 3 3 3 3 3 3 3 3 3 5 3 3 1303 3 3 3 1304 4 3 3 3 3 3 25 25 72 3 3 3
3 3 3 4 3 3 3 3 3 3 3 383 3 3 4 3 3
3 3 4 3 3 3 3 3 3 3 3 3 3 3 3 3 942 3 3 3 3 3 3 4 384 3 3 3 3
3 3 3 3 3 4 1855 948 3 3 3 3 3 3
3 3 3 3 3 3 3 3 3
23 1101 3 3 3 3 3 3 3 3 3 3
3 3 3 3 3 809 3 3 3 3 3 3 3 3 3
3 3 3 3 3 3 3 3 3 3 3 3 3 3 1308 3 3 3 3 3 3 3 3 3 4 4 4 3 1309 3 3 3 3 3 3 1310 4 1311 3 1312 1313 3 1314 1315 1776 1316 3 3 3 3 3 3 3 3 3 3 3
3 5 3 949 3 3 3 3 3 3 3 3 3
3 3 3 3 3 3 3 3 3 3 3 3 3 3 3 3
3 3 3 3 3 3 3 3 3
3 3 3 3 3 3 3 3 3 3 3 927 939 949 3 3 3 3 3 3
3 3 3 3 5 3 3 13 395 927 939 3 3 3 3
3 3 3 3 4 1855 3 1047 3 3 1047 939 1048 1047 927 939 3 3 3 3 3
3 3 3 3 927 3
3 3 3 4 1319 1320 3 3 3 3 3
3 3 3 3 3 3 3 3 3 3 3 3
3 12 3 1857 3 3 1322 3 3 3 1871 3 3 3 3 5 3 3 3 3 3 3 3 3 3 3 3 3 1324 3 3 1078 3 3 928 3 3 3 3 982 3 3
3 3 3 3 3 3
3 3 3 3
3 3 3 3 3 3 3
3 3 3 3 3 3 3 3 3 3 3 3 3 3 3
3 3 3 3 3 3 1325 3 3 3 3 3 3 3 3 3
3 3 3 3 3 3 3
3 3 3 3 3 3 3 3 3 3 3 3 3 3 3 3 3 3 3 3 3
3 3 3
3 3 3 3
3 3 855 3 3 3 4 4 928 3 3 3 3 3 3 3 3 3 3 3 3 3 3 3 3 3 3 3 3 3 3 3 186 3 3 3 3 3 3 5 3 3 3 3 3 3 1326 1327 929 1778 3 3 3 3
3 3 3 3 3 3 3 3 3 928 956 3 3 3 3 3 3 3 187 1008 3 3 3 3 3 5 984 3 3 3 3 3 3 3 3 3 3 3 3 3 3 3 3 3 3 3 3 123 3 3 3 3 3 3 3
3 4 1328 3 3 3 3 3 407 3 4 1330 3 3 3 3 3 3 3 3 3 3 3 3 3 3 3 3 3 3 3 3 3 3 3 3 3 3 3 1779 32 3 3 3 3 3 3 3 3 3 3 3 3 3 3 3 3 3 3 928 1780 3 3 3 3 3 3 3 3 3 3 3 3 3 3 3 3 3 928 956 3 3 962 3 3 3 3 3 3 3 3 4 3 3 3 3 928 951 3 3 3 3 3 859 980 860 3 3 3 3 3 3 3 3 15 3 3 40 953 3 3 3 3 3 3 3 3 3 3 3 3 3 3 3 3 3 3 3 3 3 3 3 3 3 3 3 3
3 3 3 3 3 3 3 3 3 3 3 3 3 3 3 3 928 946 3 3 3 3 939 3 3 3 3 3 3 3 3 3 3 3 3 3 3 3
3 3 3 3 3 3 3 3 3 3 3 3 3 3 3 3 4 3 3 3 3 3 3
3 3 3 3 3 4 4 3 3 3 3 3 3 3
3 3 3 3 938 1331 3 3 3 3 3 3
3 959 3 3 4 979 968 4 930 1010 3 1849 3 3 930 4 1010 3 3 3 3 3 3 3 4 3 3 928 985 3 3 3 3 3 3 3 3 128 3 3 1849 928 945 4 995 3 3 3 3 3 3 3 3 3 3 3 3 6 3
3 3 3 3 3 3 3 3 3 3 932 930 3 3 3 3 3 3 3
3 3 3 3 3 3 6 975 3 3 3 3 3 3 3 3 3 3 3 3 3 3 3 3 3 3 3 3 3 3 3 3 3 3 3 3
3 3 3 3 3 3 3 6 951 3 1851 4 3 3 3 3 3 3 3
3 3 3 3 3 3 3 3 3 3 3 3 3 3 3 3 3 3 3 3 3 3 3 3 3 3 3 1334 3 3 1335 928 951 1857 3 3 1883 3 3 3 3 1857 3 3 3 936 3 3 3 70 3 3 3 3 3 3 3
3 3 3 3 3 3 3 3 3 3 3 3 3 3 3 3 3
417 936 3 3 4 4 1340 3 3 3 3 3 3 3 3 3 3 3 3 3
3 3 3 3 3 932 3 3 3 3 3 3 3 3 3 3 3 3
3 3 3 3 3 3 3 3 3 3 3 3 3 3 3 3 3 3 3 3 3
3 3 3 3 3 3 3 3 979 1011 1012 1341 3 3 3 3 3 3 3 3 3 3 3 3 3 3 3 3
3 3 3 3 3 3 3 3 3 3 3 928 959 3 3 3 3 3 1342 3 1343 801 3 3 3
3 3 3 3 3 3 3 3 3 3 3 3 3 3 3 3
3 3 3 3 3 3 3 3 3 3 3 3 3 3 3 3 3 3 3 3 3 3 3 3 3 3 1051 4 4 943 3 3 928 946 3 3 3 3 3 3 4 4 1110 3 3 3
3 3 959 3 5 3 3 3 1849 3 3 3 3 3 3 3 3 3 3 3 4 3 3 3 4 3 3 1849 942 3 3 3 3 3
3 4 1344 952 3 3 1112 3 3 3 3 3 3 4 4 1110 3 3 3 3 3 3 3 3 3 3
3 3 3 1905 3 3 943 3 3 3 3 3 3 3 3 3 3 3 3 3 3 3 3 3
3 3 3 3 3 3 3 3 190 3 3 3 3 3 3 3 3
3 3 3 3 3 3 3 3 3 3 3 3 3 3 3 938 3 3 3 3 3 3
3 3 3 3 3 1113 3 3 3 3 3 3 3 3 3 3 3 3 3 3 3 3 3 3 3 3 3 3 3
3 3 3 3 3 3 3 3 3 3 3 3 36 957 3 3 3 3 3 3 3
3 3 3 3 3 3 3 3 3 3 3 3 3
3 3 3 4 1052 3 3 3 3 3 3 1849 3 3 1850 6 1004 3 3 3 1008 4 3 3 1053 3 3 3 3 3
3 3 3 3 3 3 3 1041 3 3 3 3 3 3 3 3 3 3 3 3 3 3 1348 3 3 3 3 3 3 3 5 3 5 3 3 1732 3 928 3 1349 1114 939 4 3 3 928 3 3 3 4 3 428 3 3 4 4 1048 3 1351 4 961 3 3 991 3 928 1054 4 942 3 5 1352 3 3 3 3 5 3 3 3 3 3 1353 3 3 3 3 3 3 3 3 1115 5 3 3 3 3 3 3 3 3 3 3 3 3 3 3 3 3 999 3 3
3 5 3 3 3 1783 3 3 3 3 3 4 1855 3 3 4 933 3 4 1354 3 3
3 3 3 3 3 936 3 3 3 3 3 3
3 55 3 958 4 930 1355 3 3 3 3 3 3 3 3 3 3 3 3 4 1356 4 3 3
3 3 3 3 3 3 1784 3 3 961 3 3 3 4 4 1357 3 4 1048 4 3 3 3 1358 1117 1117 3 3
3 3 3 3 3 3 120 3 5 3 3 3 3 3 3 3 3 3 3 3 6 3 3 3 3 3 3 3 3 3 3 3 1041 3 3 3 9 3 3 3 3 3 3 3
3 3 3 3 3 3 3 1359 3 3 9 3 3 3 3 3 3 3 1118 928 3
3 38 3 1055 3 3 3 3 3 3 3 3 4 4 1056 3 3 996 3 3 3 3 3 3 3 1360 3 3
3 3 3 3
3 3 9 3 1119 3 3 3 3 3 3
3 946 3 3 3 3 3 3 3 3 932 3 3 3 3 3
3 3 3 3 3 3 3 5 3 3 3 3 8 3 3 3 3 6 3
3 3 3 3 3 3 3 3 3 3 3 3 3 3 3 3 3 3 3
3 3 3 5 3 3 3 3 3 3 3 3
3 946 3 3 3 3 1361 3 3 3 3 3 3 3 3 3 3 3 3 3
3 3 3 3 3 3 3 3 3 3 3 3 3
3 3 3 3 3 3 863 3 3 3
3 3 3 3 3 3 3 3 3 3 3 3 3 3 1362 3 3 3 1363 3 3 3 3 3 3 3 3 3 3
3 3 3 3 3 1857 3 3 3 3 1857 3 3 3 3 3 3 3 3 3 3 928 3 4 1885 3 3 14 3 3 3 3 3 3 3 3
3 3 3 3 3 992 3 1856 3 1366 3 3 3 3 3 3
3 3 3 5 3 3 3 3 3 3 3 3 3 3 3
3 3 3 3 1367 3 3 3 3 3 3 3 3 3
3 3 3 3 3 3 3 3 3 972 3 3 3 3 3 3 3 3 3
3 3 3 3 3 3 3 3 3 989 3 3 3 3 3
3 3 1851 3 3 3 3 3 3 3 3 963 3 3 3 3 3 3 3 3 3 3 3 3 3 3 3 3 3 3 3 3
3 3 3 3 5 3 1121 3 3 3 3 3
3 3 1369 3 3 3 3 3 3 3 3 3 3 3 3
3 3 448 3 3 3 3 3 3 3 3
3 3 3 1371 3 1857 3 3 3 3 3
3 3 3 3 3 1857 3 3 3 992 3 3 3 3 3 3 3
3 3 3 3 3 3 3 3 3 4 928 3 3 3 3 3 3 3 3 3 3 3 4 3 3
3 3 3 3 3 3 3 3 3 3 3
3 3 3 3 3 3 3 3 3
3 3 3 3 3 3 12 1786 3 3 3 3 3
3 3 51 3 3 3 3 3 3 3 3 3 3 3 3 3 3 3 3
3 3 3 3 3 3 3 3 3 3 3 3 3 3 3
3 3 3 3 3
3 3 3 3 3
3 3 3 4 801 5 3 3 3 3 3 3 3 3 3 3 3 3 3 3 3 6 1122 3 865 3 3 3 3 958 3 3 3 3 3 3 3
3 3 3 3 3 3 3 4 1123 3 1372 1788 1373 7 3 927 3 1074 3 3 3 5 3 3 3 3 3 3 3 3 3 3
3 1071 927 929 3 944 3 3 3 3 938 4 3 997 3 3 4 3 3 3 3 3 3 3
23 3 452 3 3 929 3 3 3 3 811 3 3 4 4 3 3 3 3 3 3 4 55 1849 3 3 3 6 983 3 3 3 3 3 3 3 3 3 3 3 3 3 3
3 3 3 5 3 3 3 3 3 3 3 1376 5 3 3 3 3 3 3 3 3 3 3 3 3
3 3 3 3 3 3 3 1124 950 3 3 3 3 3 3
3 3 3 3 3 3 3 3 3
3 3 3 3 3 3 3 3 3 3 3 1377 3 3 3 3
3 3 3 3 3 3 3 3 3 3 3 3 3 3 3 3 3 3 3 3 3 3 3 3 3 3 1871 3 3 3 1871 3 3 3 3 3
3 4 1380 3 3 3 3 3 3 3 3 3 3 3 3 3 3 3 3 3 3 3 3 3 3 3
3 3 3 3
3 3 3 3 3 3 3 3 3 3
3 3 3 1855 3 1853 3 3 1849 953 3 3 3 3 3 3 3 3 3 9 3 3 3 3 3 3
3 3 3 3 3 3 3 3 3 3 3 3 3 3 8 3 3 3 3 3 3 3 1732 3 4 3 3 3 3 3 1853 7 867 3 3
3 4 1057 3 3 3 3 3 1109 3 3 3 1849 3 3 3 3 3 3 3 3 3 3 3
3 807 3 3 3 1127 3 3
3 3 1384 3 1385 3 3
3 3 3 3 3 3 3 3 3 3 3 3 3 3 3 3 3 3
3 3 3 3 3 3 17 3 3 3 3 3
3 3 3 3 3 3 939 3 3 3 3 3 3 3 3 3 3 3 3 3 4 3 3 5 3 3 3 3 3 3 3 3
3 3 5 3 3 3 1850 3 3 3
3 3 3 3 3 3 4 5 3 3 3 3 3 3 928 1006 3 4 3 1387 3 4 3 3 3 3 3 3 928 987 3 3 3 3 3 3 929 3 1388 3 3
3 3 3 3 3 3 3 3 3 3 3 3 3 3 3 3 1389 3 3
3 3 3 4 4 4 3 3 3 3 3 3 3 3 17 3 3 5 3 3 3 3 3 3 3 3 3 4 3 929 3 936 961 1850 3 3
3 959 3 3 3 3 5 3 3 3 3 3 3 3 3 3 3 1849 928 3 3 3 1390 3 3 3 3 3 3 3 3 3 3 3 3 3 3 3 3 3 3 3 3 3 3
3 3 3 5 3 3 3 3 3 3 3 3 3 3 3 3 3 3 3 3 3
3 1391 3 5 3
3 3 3 3 3
3 3 3 3 3 3 3 3 3 3
3 1009 3 3 3 3 3 3 3 3 3 3 3 3 3 3 3
3 1029 3 3 3 3 3 3 3 3
3 1029 3 3 3 3 3 3 3 3 3 3 3 3
3 124 3 1857 3 7 3 3 3 3 3 3 3 3 3 3 3 3 3 1392 3 3 3 936 3 3 3 4 4 3 3 3 3 3 3 3 3 3 1849 3 3 3 3 3 3 3
3 3 3 3 3 3 3 3 1849 935 3 3 3 3 3 3 3 3 3 3 3
3 3 3 3 3 3 3 3 3 3 1851 3 3 4 3 3 3 3 3 928 987 4 3 4 1849 3 3 3 4 4 1396 3 3 3 4 4 4 1397 3 3 967 3 3 3 1850 3 3 1022 3 3 5 3 4 3 3 3 3 3 3 3 3 3 3 3 3 4 962 935 1399 3 3 3 3 3 3 3 967 3 3 3 3 3 3 3 3 3
23 1130 3 3 3 3 1400 3 3 3 3 3 3
23 1130 7 3 3 3 3 3 3 3 3 3 3
3 3 1099 1401 3 3 3 3 3 7 3 3 3
3 3 3 3 3 5 3 3 3 3 3 3 3 3 3 3
3 3 3 3 5 3 3 3 3 4 3 3 1855 3 3 3 3 3
3 3 3 3 3 3 3
3 3 3 3 3 3 3 3
3 3 3 3 3 3 3 8 3 7 3 3 3
3 3 5 3 3 3 3 3 3 3 3 3 3 3 3 3 3 3 3 928 3 19 1790 957 3 5 3 3 3 3 3
3 3 3 3 3 3 3 3 3 3 3 3 3 3 3 3 3 3 3 3 3 21 3 3 3 3 3
3 3 3 5 3 3 3 3 3 3 3 928 3 3 3 3 3 3 3 3 3 3 3 3 3 3
3 3 3 3 1849 1791 3 3 3 3 3 3 3 3 3 3 3 3 3 3 6 3 3 3 3 3 3 3 3 3 928 3 3 3 3 3 3 3 3 3 3 3 3 3 3 3 3 3 3 3 928 3 3 3 3 3 3
3 3 3 938 3 3 3 1871 3 3 928 3 3 3 3 3 3 3 3 3 3 3 3
3 3 3 3 3 3 3 3 3 3 3 3 3 3 3 3
3 3 3 3 3 3 3 3 3 3 5 3 3 1734 3 3 3 3 3
3 945 3 3 3 3 3 3 3 3 3 11 3 3 870 3 3 3 4 4 3 3 3 3 3 3 3 3 3 3 3 3 3 3 3 3 3 3 971 3 3 3 3 3 3 3
3 3 3 3 3 3 1131 3 5 3 3 9 3 3 3 3 7 3 3 3 3 3 3 3 3
3 3 3 3 3 3 3 935 1855 3 3 3 3 3 3 3 3
3 3 4 3 1793 3 3 3 3
3 13 1794 3 3 3 3 3 3
3 3 3 1734 114 3 3 3 3 3 3 3 3 3 3 3 3 3 3 3 3 3
3 4 1057 3 963 3 3 928 945 3 3 3 4 3 4 1406 4 3 3 927 3 3 3 3 3 3 3 3 3 3 3 3 3 4 4 995 3 1407 3 3 3 3
3 3 3 3 3 3 5 3 50 3 3 3 3 3 3 3 3 3 928 1408 3 940 3 929 3 3 3 3 3 487 3 3
3 1003 948 5 3 3 3 1410 3 3 3 3 3
3 3 3 3 3 3 3 3 940 3 3 3
3 3 3 3 1411 3 3 3 3 3 3 3 3 3 3
3 3 3 3 3 3 3 3 3 3 1000 3 3 5 3 3 3 1132 3 3 3 3 3 3 3 3 3 3 3
3 3 3 3 5 3 5 3 5 3 3 3 3 1059 3 3 3 3 928 951 3 3 3 3 3 3 3 3 3 3 3 3 3 3 3 3 3 3 3 3 3 3 3
3 3 3 3 3 3 3 3 3 3 3 3 3 3 3 3 3
3 3 3 3 3 3 3 3 940 3 5 942 948 5 3 3 3 4 3 3 3 3 3 3 490 1413 3 1414 5 3 3 3 3 3 3 3 4 3 3 1000 3 3 3 3 873 1415 3 3 3 3 3 3 3 3 3 3 3 3 3 3 3 3
3 3 494 1417 3 3
3 3 9 1856 3 1055 3 3 3
3 3 3 3 1724 3 3 3 3 3
3 3 1857 3 3 1419 3 3 3 3 3 3 3 3 3 3 1420 3 3
3 3 3 3 3 3
3 3 3
3 3 3 3 3 3
3 3 3 3 3 3 3 3 3 3 3 3 3 3 3 928 946 3 3 3 3 7 3 3 3 3 3 3 3 3 3 3 41 102 3 3 3 3 3 3
3 7 3 5 3 3 3 3 3 211 3 3 3 3 3 3 3 3 3 3 3 3 3 3 3 3
3 5 3 3 3 3 3 3 3 211 3 3 3 3 3 3 3 3
3 3 3 3 8 3 3 14 3 3 3 3
3 3 3 1858 3 1871 3 3 3 3 3 3 3 3 3 3 1905 3 83 1849 3 3
3 3 3 3 3 3 3 3 3 3 1422 3 1856 3 3 3 3 3 3 3 3 3 3 3 3 3 3
3 3 3 3 3 5 3 3 3 38 3 3 5 3 3 3 3 3
3 4 1424 998 3 3 3 1134 3 3 3 3 1061 3 3 3 3 3
3 3 3 3 4 3 5 3 3 3 3 3 3 3 3
3 3 3 3 3 3 3 3 3 3 3 4 55 3 3 3 3 3 3 3
3 3 3 3 3 3 3 3 3 3 3 3 3 3 1796 3 3 3 3 3 3 813 3 3 3 3
3 4 4 4 4 4 1006 3 3 3 3 3 3 3 3 3 3 3 3 3 3 3 3 3 3 3 3 3 1797 3 3 3 3 3 3 3 3 3 3 3 3 3 3 3 3 3 3 3 3 4 3 3 3 3 3 3
3 4 4 4 4 4 1006 3 3 3 3 3 3 1135 3 3 3 3 3 3 3 3 3 3 3 3 929 3 3 3 3 1136 3 3 3
3 3 3 3 3 3 3 3 3 3 3 3
3 4 1425 3 3 44 3 3 3 3 960 935 928 3
3 3 3 3
3 3 3 3 3 3 3 3 3 3 3 3 3 3
3 3 3 3 3 3 3 3 3 3 215 936 3 3 3
3 3 3 3 3 3 3 1137 965 3 3 3 3 3 3
3 3 3 3 3 1138 3 3 3
3 3 3 3 3 3 3 3 3 3 3 977 967 3 3 3 3 3 3 3 3 3 3 3 3 3 3 3 3 3 3
3 3 3 3 3 3 3 3 3 3 3 3 3 3 3
3 3 3 3 3 3 3 3 3 3 3 3 3 928 3 3 3 3 3 932 3 3 3 3 3
3 3 934 3 3 928 1139 3 3 3 928 1140 3 3 3 3
3 3 3 3 3 3 3 3 6 3 3 3 3 3 3 3
3 3 3 4 1855 3 3 3 3 3 3 3 3 3 3 3 3 3 3 3 3 3 3 3 3 3 3 3 3 3 4 950 3 3 3 3 3 4 950 3 3 928 3 3 3 942 1871 3 3 3 3 3 3 3 3 3 3 3
3 12 3 3 930 6 1139 3 3 3 3 3 3 3 3 3 3 3 3 3 3 3 3 3 3 3 3 3 3
3 3 1798 3 3 3 3 3 3 3 7 3 3 3 3 928 956 3 3 3 3 3 3 3 3 3 3 3 3 3 3
3 3 3 3 3 3 3 3 3
3 3 3 3 3 3 3 3 3 3 3 3 3 3 3 3 1427 1428 3 3 3 3 3 3 929 3 3 3 4 3 3 3 1429 1430 3 3 1138 1431 3 1432 1433 3 3
3 3 3 3 3 3 3 3 3 3 3 3 3 3 3
3 3 3 3 3 3 3 3 3 3 3 3 3 3 3 3 3 3 3 932 3 3 3 3 3
3 3 3 3 3 3 3 3 3 3 3 3 3 3 3 3
3 3 3 930 1010 3 1849 3 3 3 3 3 3 3 3 3
3 3 3 1142 3 3 3 3 3 25 3 3 3 3 3 3
3 3 4 1856 3 3 3 3 5 3 3 3 3 938 3 5 3 3 3 3 3 3 3 3 3 3 3 957 3 3 3
3 3 3 3 3 3 3 942 3 3 3 3 3 3 3 3 3 3 3 3
3 5 3 3 3 3 3 3 3 3 3 3 1436 1437 3 3
3 3 3 3 3 3 3 3 3 3 3 3 3 3 3 3 3 3 3 3 3 3 3 1855 3 3 3 3 1014 3 3 3
3 3 3 3 3 3 3 4 1439 4 3 3 3 3 3 3 3 3
3 3 3 3 3 3 3 3 3 3 3 3 3 3 3 3 3 3 3 3 3
3 3 3 3 3 3 3 3 3 1030 3 3 3 3 3
3 3 3 3 5 3 4 3 3 3 3
3 3 89 1012 3 3 3 3 3 89 1012 3 3 3 3 3 3 3 3 3 3 3 3 3 3 3
3 3 3 3 3 3 3 5 3 3 3 3
3 3 3 3 5 3 3 3 3 3 3 1799 3 3 944 950 1856 1062 3 3 3 3 3 3 3 3
3 3 3 3 3 3 3 3 3 3 3 3 3 3 3 3 3 3
3 3 3 3 1014 3 3 3 5 3 3 3 3 3 19 3 3 1014 3 3 5 3 3 1014 3 974 4 3 3
3 3 4 1440 4 1053 935 4 3 3 4 1053 3 4 3 3 3 3 1441 3 3
3 3 520 1011 1012 3 3 3 3 3 3 3 3 27 3 3 3 3
3 3 3 4 970 4 3 3 3
3 3 3 3 3
3 3 3 3 3 3 3 3 3 3 1093 3 3 3 3 3 3 4 4 1443 3 3 3 3 3 3 3 3 3 3
3 3 3 3 3 3 3 3 32 3 3 3 3 3 3 3
3 3 3 3 3 3 3 3 3 3 3 4 3 1849 3 3
3 3 3 3 3 3 3 3 3 3 3 3 3 3 3 3 3 3 3 3 3 4 3 3 3 3 3
3 3 3 3 3
3 3 3
3 3 3 3 3 3 3 3 3 3 3 3 3 3 3 3 3
3 3 3 3 3 3 3 3 3 3 3 3 3 3 3
3 951 3 3 3 3 222 3 3 3 3 3 3 3 3 3 3 3
3 3 3 3 3 3 3 3 7 3 3 3
3 3 3 3 3 3 3 3 3 4 3 3
3 3 966 955 64 1145 3 3 3 3 1800 3 3 3
3 3 3 929 3 3 4 3 3 3 3
3 3 3 5 3 3 4 3 3 3 3 3 3 3 3 3 3 3 3 3 3 3 3 3 3 3 3 3 3 3 3 3 3 3 3 3 3 3 3 3 3 3 3 928 956 3 8 1724 3 3 3 3 3 3 3 3 3 3 3 3 3 3 3 16 3 4 1849 3 969 1446 3 3 3 3 3 3 3 1447 3 3 3 1448 927 4 1449 3 3 3 3 3 3 3 3 3 3 3 3 3 3 3 14 3 1868 3 3
3 3 3 3 3 3 954 3 3 3 3 3 3 3 3 3 3 3 3 3 3 3 1059 3 1134 3 3 3 47 3 1450 3 3
3 3 3 3 3 3 3 3 3 3 3 3 3 3 3 4 3 4 4 4 3 3
3 7 969 3 3 3 3 8 1724 3 3 3 8 1724 3 3 3 3 3 3 3 3 968 3 3 4 3 3 3 3 3 3 3 3
3 3 1849 3 1856 3 3 3 3 3 4 1015 991 3 938 3 3 3 3
3 3 3 3 3 5 3 3 3 3 5 3 3 3 3 3 3 3
3 3 3 3 3 3 3 3 4 4 1451 3 3 3 3 3 3
3 4 1452 3 3 3 3 3 3
3 3 3 3 3 3 3 3
3 3 3 3 3 3 3 1147 3 3 3 3 3 3 3 3 1868 3 3 1801 3 3 3
3 3 3 3 4 3 3 3 932 4 3 3 3 3 3 3 3 3 3 3 3 1849 5 3 3 3 3 3 3
3 3 3 3 3 932 3 3 3 3 3 968 3 3 3 3 3 5 3 941 3 3 3 3 3 3 3 3 3 3 3 3 3 3 3 3 3 3 3 3 3 3 3
3 3 3 3 3 3 3 3 3
3 3 3 3 3 3 3 3 3 3 3 3
3 3 3 3 3 3 3 3 3 3 3 3 3 3 3 3 3 3 3 3 3 3
3 3 3 3 3 3 3 3 3 3 3 1454 4 3 3 3 3 3 4 3 3 3
3 3 3 3 3 3 3 3 3 3 3 4 3 52 3 3
3 3 3 963 3 4 3 3 932 3 3 3 928 946 3 3 3 3 3 3 4 3 3 3 3
3 3 3 3 3 3 1455 3 3 3 3 3 3 3 3 3 3 3 3 3 3 3 3 1023 3 3 3 3 3 3 3
3 3 3 3 3 3 3 3 3 3 3 3 3 3 3 3 3 3 3 3 3 3 3
3 3 3 3 3 3 3 3 3 3 3 3
3 3 3 974 3 3 3 3 3 938 3 3 928 946 3 3 3 3 3 953 3 3 3 1456 4 3 3 3 3 3 3 3 3 3 3 3 3 3 3 3 3 3 3
3 3 3 3 937 3 3 3 3 3 1457 3 3 3 3 3 3
3 3 3 3 3 3 3 3 3 3 929 3 3 3
3 3 3 3 4 3 3 3 3
3 3 8 3 3 3 3 3 3 3 3
3 5 3 8 3 3 3 3 3 3 3 3
3 4 4 1458 3 3 3 3 3 3 3 3
3 3 3 3 3 3 3 3 3 3 3 3
3 3 3 1131 3 3 3
3 3 3 3 1861 3 3 64 3 4 1460 978 3 3 3 3 3
3 3 3 3 3 3 3
3 3 3 3 3 3 3 3 3 3 3 3 3 1905 3 3 4 3 3
3 3 3 3 3 3 3 3 3 3 976 3 3 3
3 3 3 3 8 3 3 1462 3 3
3 956 3 3 3 967 3 3 3 3
3 3 3 801 3 3 4 3 3 3 1802 3 3 3
3 3 3 3 3 3 3 3 1906 3 3
3 3 4 3 3 3 3 3 4 64 3 3 3 3 3
3 3 3 3 1084 3 3 3 3
3 3 3 3 3 3 3 3 3 3 3 3 3 3 3 3
3 3 3 3 3 3 3 4 3 3
3 4 1464 4 3 1465 1466 3 3 3 1467 3 3 3 3 3 3 3 3
3 3 962 935 3 3 3 3 1124 3 3 546 3 3 3 3 3
3 3 3 3 3 3 3 3 3 976 3 3 3 3
3 3 3 3 4 3 3 3 3 3 3 3
3 3 3 1127 3 3 3 3 3 3 3 3
3 3 3 5 3 3 3 3 3 3 3 953 3 3 3 3 3 3
3 3 3 3 3 3 3 3 3
3 3 3 3 3 3 3
3 3 3 3 3 3 3 3 3 3 3 3 3 3
3 3 3 3 3 927 1469 4 3 3 3 3
3 3 3 3 3 3 3 3 3 948 3 3 3 3 3 3 3 3 3 3 3 3 3 3 3 3 3 3 3 3 3 1016 3 3 3 1850 3 3 3 3 3 1850 3 3 1803 3 3 1850 3 3 1850 3 3 1474 3 3 3 3 3 1034 3 3 3 3 3 3 3 3 3 3 3 3 3 3 3 3 928 1148 1804 3 3 3
3 3 3 3 3 3 3 3 3 3 3 1475 3 3 3 3 3 3 3 3 3 1849 3 3 1149 3 3 3 3 3 3 3 3 1850 3 3 3 3 3 3 3 3 3 3 3 3 6 3
3 3 3 3
3 3 3 3 3 3 3 3 3 3 3 3
3 3 3 4 4 3 1805 3 3 3 3
3 3 3 3 3 3 3 3 3 3 3
3 3 3 931 930 3 3 3 3 3 3 3 3 3 3 3 3 1132 3 3 3 3 5 3 3 3 3 3 3 3 3 3 3 3 3 3 3 3 3 4 1878 3 3
3 3 3 1151 4 3 3 3
3 3 3 3 3 1851 3 4 3 3 3
3 3 3 3 3 3 3 3 3 3 3 3
3 3 3 3 3 3 3 3 3 3 3 3 3 3 3 3 3 3 3
3 3 3 3 3 3 3 3 3 1857 3 3 3 3 3 3
3 3 3 3 3 3 3 3 1477 3 3
3 3 3 4 1090 4 3
3 3 3
3 3 3 3 3
3 3 3 3 3 3 3 3 3 3 3 3 3 3 3
3 3 3 3 3 3 3 3 3 3 3 3 3
3 3 3 3 3 3 3 3 3 3 3 3 3
3 3 3 7 3 3 3 3 3 3 3 3 3 3 3 3 3 3 4 3 3 3
3 3 3 3 3 3 3 3 3 3 929 1849 3 3
3 3 3 3 3 3 3 3 3 3 7 3 3 3 3 3
3 3 5 3 3 3 3 3 3 3 3 3 3 3 3
3 3 3 3 3 3 3 1855 3 3 3
3 3 3 3 3 25 3 3 3 3
3 3 3 3 3 3 3 3 3 3 3 3 3 3 3 3 3 3 3
3 3 3 3 3 3 3
3 3 3 3 3 3 3 3 3 3 3 3 3 3
3 3 3 3
3 3 3 3
3 3 3 3 3 3
3 3 3 3 3 3 3 3 3 3 3
3 3 3 3 3 3 3 6 3 3 3 3 3 3 3 3 3 3
3 3 3 3 3 3 3 3
3 3 3 3 3 3 3 3 3 3 3 3 3 3 3 3 3 3 3 3 3 3 6 3
3 3 3 3 3 3 3 3 3 3 3 3 3 4 942 3 3 3 3 1479 3 4 3 3 3 3
3 3 3 3 3 3 3 3 3 3 3 3 3 3 3 3 3 3 3 3 3 3 3 3 3 3 5 3 3 3 4 3 3 5 3 4 3 3 25 3 3 3 3 3 3 3
3 3 3 3 3 6 3 3 3 1480 1481 3 1482 1483 3 3 3 6 1484 1849 3 3 3 3 3 3 3 3 3 3 3 3 4 3 3 3 3
3 3 3 3 3 3 3 3 3 3
3 3 3 3 3 3 3 3 3 3 3 3 3 3 3
3 3 3 3 3 3 928 956 19 3 3
3 3 3 3 3 3 3 3 3 3 3 3 4 4 1486 3 3 3 3 3 3 4 998 3 3 3 3 3 3 3 3 4 1487 4 3 3 3 3 3
3 3 3 3 3 1895 3 3 3 3 3 6 3
3 3 3 1488 3 3
3 3 3 3 3 3 3 3
3 3 3 4 996 1489 1490 3 4 1149 4 3 3
3 3 3 3 3 3 3 3 3 3 3 3
3 3 3 124 1871 3 38 3 3 3 3 3 3
3 3 3 3 3 3 3 3 3 3 3 3 3 3 3 3 3 3 998 3 3 21 950 3 3 3 3
3 3 3 952 3 3 3 3 3 3 3 3 3 3 3 3 1492 7 3 3 3
3 3 3 3 3 5 3 3 3 3 3 3 3 3 1857 15 1860 3 3
3 3 9 3 3 3 3 3 3 3 3 940 3 3 3 3 3 3 3 3 1007 3 3 3 3 3 3 3 3 3 3 3 3 3 3 4 1494 4 3 3 3
3 3 3 3 3 3 3 3
3 3 3 3 3 3 3 3 3 3 998 4 3 3 3 3 3 3 3 3 3 3 3 3 3
3 3 3 4 4 3 884 928 1122 3 3 3
3 3 3
3 3 3 3
3 3 3 3 3 3 3 3 3 3 3 3 3 3 3 3 3 3 3 3 3 3 3 3 3 3 3 3 3 3 3 3 3 3 4 3 1849 3 3
3 1807 3 3 1808 3 3 3 4 3 3 3 3 3 3 928 3 3 948 3 1849 3 1855 3 3 3 3 3 3 1497 3 3 3 3 3 3 1809 3 3 3 3 3 3
3 3 13 3 3 4 3 3 3 3 3 3 3 3 3 3 3 3 1498 3 3 3 3 3 3 3 3 3 3 3 3 3 3 3 3 3 3 3
3 3 3 3 3 3 3 3 3 3 3 933 3 3 3 3 941 3 964 3 3
3 3 3 5 3 3 3 3 3 4 1499 3 3 3 3 3 3 3 3 955 3 3 3 3
3 3 3 3 3 3 3 3 3 3 3 3 3 3 3 3 3 1152 3 3 3 3 3 3 3 3 3 3 3
3 3 3 3 3 3 3 4 4 4 928 983 3 3 3 3 5 3 3 3 3 4 3 3 3 3 3 3 3 3 3 3 3 3 3 3 3 578 3 3 3 3 3 3 3 3 928 1810 3 3 52 3 5 3 3 3 3 3 3 3 804 3 3
3 3 5 3 3 3 3 4 3 3 3 3 3 3 931 3 3 3 3 3 3 3 3 3 3 3 3 3 3 955 3 3 3 3 3 3
3 3 3 3 3 3 3 3 3 3 3 3 3 3 3 3 3 3 3 3 3 3 3 3 3 3 3 3 3 3 3
3 3 5 3 3 3 3 3 3 3 3 3 3 3 3 3 4 3 3 3 3 3 3
3 3 3 3 3 3 3 3 3 3
3 12 1811 3 3 3 3 3 940 3 3 3
3 3 3 3 3 3 3 3 3 3 3
3 3 4 3 3 3 3 811 3 3 3 3
3 3 3 3 3 3 3 3 3 3 3 3 3
3 3 3 3 3 932 3 3 3 3
3 3 3 3 1501 4 3 3 3 3 3
3 3 4 801 3 3 3
3 3 3 3 994 4 3 4 3 3 3 3 3 3 933 3 3 3 3 3 3 3 3
3 3 3 3 5 3 3 3 1502 4 3 3 3 3 3 3 3 3 3 3 3 3
3 3 3 3 1017 42 69 3 1153 3 3
3 3 3 1850 3 3 3 3 3 935 3 1504 3 4 3 3 3 3 3
3 1022 3 3 3 1871 3 4 3 3 1017 3 3
3 3 3 3 3 1871 3 3 3 3 1017 3 3
3 4 1154 1017 3 3 3 934 3 3 3 3 3 3 3 3 933 3 3 3 3
3 3 3 3 3 3 3 3 3 3 3 3 3 3 7 1505 3 3 1849 3 1849 3 3 3 3 3 3 3 3
3 3 1508 3 3 3 3 3 3 3 3 3 3 3 3 1812 964 3 3 3 3 3 3 3
3 3 3 3 3 3 3 3 1155 3 3 3 3 3 3 3 3 3 3 3
3 3 3 3 3 3 3 3 3 3 19 3 3 26 587 3 3 3
3 3 3 5 3 3 3 3 4 3 3 3 3 3 3 3 3 5 3 3 3 3 3 3 3 3 3 3 3
3 3 3 3 4 3 3 3 3 3 3 3
3 3 3 3 3 3 891 3 3 3 3 3 3 3
3 3 3 3 3 3
3 3 3 3 3 3 3 3 3 3 3 3 3 3
3 1009 3 3 3 3 3 3 3 3 3 3 3 3 3 3 3 5 3 3 3 3 3 3 3 3
3 3 3 3 3 3 3 3 3 3 4 3 9 1814 3 3 3 3 3 3 1510 3 3 3 3
3 3 3 3 3 3 3 3 3 3 3 3 3 3 3 3 3 3 3
3 3 3 3 3 3 3 3 3 3 3 3 3 1055 3 3 3
3 3 3 3 3 83 3 3 3
3 3 3 3 3 3 3 8 3 3 3 3 3 3 3 3
3 3 3 3 3 5 3 5 3 3 3 3 3 3 3 3 3 1849 3 3 3
3 3 3 3 3 5 3 3 3 3 3 3 3 3
3 3 3 3 3 3 3 3 3 3 5 3 3 3 3 3 3 3 3
3 3 3 3 3 3 1018 3 3 3 3 3 4 3 3 3 3 3 3 1002 3 3 3 3 3 3 3 3 3 3
3 3 3 5 3 3 3 3 3 3 3 7 801 3 3 3 3 3 3 3 1857 3 1144 3 3 3
3 3 3 3 3 3 3 3 1815 3 3 3 3 3
3 3 3 41 3 3 3 3 927 3
3 3 3 3 3 3 4 3 3 3 3 1512 3 3
3 3 3 3 3 3 10 3 3 3 1513 997 3 3 44 3 3 3 3
3 3 995 3 3 4 3 3 3 3 1514 3 3 3 3
3 985 3 3 3 3 3 3 3 3 3 3
3 3 3 7 3 3 3
3 3 3 3 3 3 3 932 1871 3 3 3 3
3 3 3 1516 1517 3 3 3 1853 3 3 3 3 3 3 3 3
3 3 4 55 3 3 3 3 1518 3 3
23 995 3 3 3 3 3 3 3 3 3 3 3
3 3 3 3 3 3 3 3 3 931 3 3
3 3 4 3 3 3 3 3 3 3 3 3 3 3 3 3 3 3 928 1519 3 3 3 4 4 1520 936 3 3 3 3 3 3 3 3 9 944 3 3 3 91 3 3 3 3 3 3 928 975 3 3 3 3 3 3
3 3 3 3 3 937 1871 3 3 3 3 3 3 3 3 3 3 3 3 3 1521 3 3 3 3 3
3 3 3 3 3 3 3 3 3 4 3 3 3 4 1157 3 4 1157 928 987 3 3 3 3 3 3 3 1015 3 3 3
3 3 3 3 3 3 961 3 3 3 3 3 5 3 3 3 3 3 3 3 3 3 3 3 3 3 3 3 3 3 3 3 934 4 3 3 5 3 3 3 968 3 3 3 3 3 7 3 928 1522 3 3 3 3 3 3 3 3 3 3 3 3 3
3 945 3 3 3 944 927 4 3 3 3 3 928 1523 3 3 3 981 3 3 3 3 3 3 3 3 3 3 3 3 3 3
3 3 3 3 3 3 3 3 3 3 3 3 3 3 3 3 3 3 3 3
3 3 3 3 3 3 942 3 3 3 3 3 3 3 3 3 5 3 3 3 3 3 3 3 3 3 3 3
3 3 1849 3 3 935 3 3 3 962 1866 950 4 4 3 3 3 3 3 3 3 3 3 3 3 3 3 3 3 3 3 3 3 3 3 3 3 3 3 3 3
3 3 3 3 3 3 3 3 3 3 3 4 3 3 3 3 3 3
3 3 1525 3 3 3 3 3 3 3 3 3 933 3 1850 3 3 3 3 3 3 3 3 1527 3 3 3 3 3 3
3 3 3 4 4 4 4 4 3 1113 606 3 3 3 3 3 3 3 3 3
3 3 3 3 3 3 4 935 1857 4 3 3 5 1886 3 3 3 3 3 3 3 3 3
3 3 3 3 3 1530 988 1531 4 4 4 3 3 3 3 3
3 3 3 3 3 3 3 3 3 3 3 3 3 3 3 3
3 3 3 3 3 1532 3 3 3 3 3 3 3 1875 3 3 3 3
3 3 3 3 3 3 1855 3 894 3 3 3 3 3 3 3 3 3 3 3 3
3 3 3 3 3 3 3 3 3 3 3 3 988 3 3 3
3 3 8 3 3 3 3 3 3 3 3 3
3 3 3 3 1905 3 3 3
3 3 3 3 3 3 3 3 3 3 3 3 3 3 3 3 3 1535 1036 3 3
3 3 3 3 3 3
3 3 3 929 3 3 3 3 1075 3 3 3 3 1106 3 3 3 929 3 3 3
3 3 3 3 4 3 3 3 3 3 3 3 3
3 3 3 3 3 3 3 3 3 3 3 3
3 4 1057 3 3 3 3 3 931 3 3 3 3 976 3 42 3 3 3 3 3 3
3 3 3 3 3 3 3 3 3 3 3 3 3 3 3 3 3 3 3
3 3 3 3 3 3 3 3 3 3 3 3 3 3 3 3
3 3 3 3 3 3 3 3 3 3 3
3 3 3 3 3 3 931 3 3 3 3 3 3
3 3 3 3 3 3 3 3
3 3 3 3 3 4 3 3 3 3 3 3 3
3 3 3 3 3 3 3 3 3 938 930 3 3 3 3 3 3 3 4 938 3 3 3 3 3 3 3 3
3 3 3 3 3 3 930 3 3 22 950 934 931 8 1115 3 4 931 3 3 3 3 3 3 3 3 3 3 3 3 1536 937 1031 4 4 932 3 3 3 3
3 3 3 3 1871 3 3 3 3 3 3 3 3 3 928 946 3 3 4 4 1537 3 3 3 3 3
3 1538 3 949 3 8 3 3 949 3 3 3 3 3 3 3 3 3 3 3 3 3 3 3 3 3 3 3
3 617 1540 3 3 3 7 3 3 3 3 949 3 3 949 3 3 3 3 3 4 4 3 3 3 3
3 3 3 3 3 4 3 3 3
3 3 3 3 3 3 3 3 3
3 3 3 3 939 3 3 3 3 3 3 3
3 3 3 3 3 3 3 3 3 3 3 3
3 3 3 3 5 3 3 3 3 3 928 1003 3 3 3 3 3 3 3
3 3 3 3 3 3 3 3 3
3 3 3 3 3 3 3 3 4 3 3 3 3
3 3 3 3 8 3 3 3 3 3 3 3 3 3 3 3 3 3 3 3 3
3 3 3 3 3 1541 978 3 3 3 3
3 3 3 3 3 3 3 3 3 3 3 3 3 3 3 3 3 3
3 3 3 3 3 3 3 3 3 3 3 3 3 928 3 3 3 3 3 3 3 3 3 3 3 3 3
3 3 3 3 3 3 3 3 3 3 3 3 928 3 3 3 3 3 3 3 3 4 3 4 3 3 3 3 6 3 3 3 3 3 3 3 3 3 3 3 3 3 3 3 3 3 3 3 3 1063 3 3 3 3
3 3 3 3 3 3 3 3 3 3 3 3 3
3 3 3 3 3 3 3 5 3 3 3 5 3 3 3 3 3 6 3
3 3 3 3
3 3 3 3 3 928 3 3 3 3 3 3 3 3 3 3 4 3 3 3 3 3 3
3 3 3 3 3 3 3 3 6 946 3 3 3 3 3 937 3 3 3 3 3 3 3 3
3 3 3 3 3 3 3 3 3 15 3 3 3 6 1158 1731 3 3 4 4 3 3 620 3 3 3 3 3 3 3 15 3 4 4 3 3 206 3 3
3 3 3 3 3 3 932 3 3 3
3 3 3 3 3
3 3 3 3
3 1895 4 941 9 3 3 3 3 3 3 3 3
3 3 3 3 3 3 3 3 1159 3 3 4 75 3 3 3 3 3 3 3 3 930 3 3 3 3 3 3 3
3 3 3 5 3 3 3 3 3 3 3 3 3 3 3 3 3 3 3 3 3 3 3 3 3
3 3 4 3 621 934 3 3 3 3
3 3 3 3 3 3 3 3 3 3 3 931 1871 3 3 3 1545 930 3 3 3 1725 3 3 3 3 3
3 3 1546 3 3 3 3 3 3 3 3 3 3 3 3 3 3 3 3 3 3 3 3 3 3 3 3 3 3 3 3
3 5 3 3 42 990 3 3 3 3 3 3 3 3 3 3 3 3 3 3 3 3 3 3 3 3 3 3 1871 3 3 3 3 3 3 3 3
3 3 949 3 996 4 4 3 3 3 3 3 3 3 3 4 4 3 1817 3 3
3 1154 4 933 5 8 3 3 3 3 3 76 3 994 3 3 3 3 3 3 3
896 3 3 939 3 14 3 1725 3 3 3
3 3 3 3 3 3 3 3 3 6 946 3 3 3 3 3
3 3 1865 995 3 3 3 3 3 3 3 3 3 3 3 3 3 3 3 3 897 3 1849 4 3 3
65 963 3 3 3 3 3 5 3 3 3 3 3 1849 3 1849 3 3 3 3
3 949 3 3 4 3 3 3 3 3 3 3 3 1850 3 3 3 3 3 3 3 3 3 1551 936 3 3 3 3
3 3 3 3 3 3 3 3 3 3 3 3 3 1552 3 3 4 3 1553 3 3
3 3 3 3 1554 3 3 3 3 3 3 3 3 3 633 1556 3 4 3 3 3
3 3 3 3 3
3 945 3 3 3 3 3 3 3 3 3 1051 3 3
3 3 3 3 3 3 3 3 3 1557 3 3 3 3 3 3 3 3 3 3 3 929 3 3 3
3 3 3 3 3 3 3 3 3 1849 3 3 4 1558 4 1855 3 3 3 3 3 1849 3 4 3 3 3
3 3 3 3 3 1849 3 3 3 3 3 3 3 3 3 3 4 3 3 128 932 1820 3 3 1855 3 4 3 3 3 3 3 3 3
3 3 4 3 3 4 1561 3 3 3 3 3 3 3 3 3 3 3 3
3 1161 3 3 3 3 3
3 3 3 3 3 3 3 3 3 3 3 3 3 3 3 3 3 3 1849 3 3 3 3 3 3 3 944 3 1033 4 3 3 948 3 3 3 3 3 3 3
3 3 3 4 3 3 934 977 3 3 3 4 3 3
3 3 3 3 3 3 3 3 3 1821 3 3 3 3
3 3 7 3 3 3 4 3 1562 3 3 5 3 3 5 3 3 981 3 3 3 3 3 3 3 3 3 3 3 3
3 3 3 3 3 3 3 3 3 3 3 3 3 3 3 3
3 3 3 4 3 3 3 3 3 3 3 3 3 3 3 3 3 1849 3 3 3 3 3
3 3 3 5 3 3 3 3 3 3
3 3 3 3 3 3 3 3 3 3 3 3 3 3 3 943 3 3 32 3 3 3 3 3 931 3 3 3
3 3 3 3 3 3 1563 3 3 3 931 4 3 3 3 3 3 3
3 3 1143 4 3 3 3 3 3 3 5 3 3 3 1564 3 3 3 3 3 3 3 3 3
3 3 7 3 4 952 1565 3 3 3 3 3 3 3 3 3 3 3
3 3 3 3 3 3 3 1026 3 16 3 3 1850 3 3 3 3 3 1567 3 3 3 3
3 3 3 1076 3 3 3 3 943 3 4 3 3 3 3 3 3 51 934 1121 3 3 3 3 3 3
3 3 954 3 3 927 3 3 3 3 4 4 4 1065 3 3 3 3 3 3 3 3 3 3 1568 4 3 3 4 3 4 3 4 3 3 3 3 3 3 3
3 3 3 3 3
3 3 3 4 102 3 3 3 3 3
3 3 3 3 3 3 3 3 3 3 3 3 942 4 3 3 900 3 3 3 4 3 3 3 3 3 3 3 3 3 3
3 3 3 3 3 3 3 3 3 3 3 943 3 3 1032 3 3
3 3 3 3 3 3 3 3 3 3 3 3 3 3 3 3 3 3 3 3 3 3 3 3 3 3 3 3
3 3 3 3 3 3 3 3 3 4 4 939 1849 3 954 3 5 3 4 3 3 3 3 3 3 3 3 3
3 4 1095 927 3 3 4 3 3 3 3 3 3 3 3 3 3 3 3 3 3 3 3 3 3 3 3 3 3 3 3 3
3 4 1004 1569 1570 3 3 3 3 3 3 3 3 3 3 3 3 3 3 3 3 3 3 3 3 3 3 3 3 3 3 3 3
3 3 3 3 3 3 3 3 3 3 3
3 3 3 3 3 3 3 1849 3 944 4 1572 3 4 4 4 1849 3 3 3 3 3 3 3
3 3 3 3 3 3 3 3 3 3 3 3 3 3 652 3 3
3 3 3 3 3 3 3 3 3 3 3
3 3 3 927 997 3 3
3 3 3 3 3 3 3 1083 967 3 3 3 3 1575 3 3 1072 3 3 3 3 3 3
3 3 1054 3 3 3 3 4 4 1114 3 4 3 4 4 1163 3 4 4 1576 3 3
3 3 3 3 3 3 3 3 7 3 3 3 3 3 3 3 3 3 3 3 3 3
3 3 3 3 3 4 4 1163 3 1035 1147 3 3 3 3 3
3 3 3 3 3 3 3 3
3 3 3 3 3 3 3 3 3 3 3 3
3 901 3 930 3 3 3 3 3 3 3
3 3 3 3 3 3 3 3 3
3 3 3 3 1856 3 3 3 3 3 3 3 3 3 3 3 3 3 3 3 928 1577 3 3
3 3 3 3 3 3 3 3 3 3 1850 3 3
3 3 3 3 3 3 3 3 3 3
3 3 3 3 944 3 4 1015 1080 3 3 3 3 3 3
3 3 3 931 3 4 4 4 4 1066 3
3 3 1858 3 3 3 3 3 1580 939 3 3 3 3 3 3 3 3 3 3
3 3 3 3 1581 3 3 3 5 5 3 3 3 3 3 3 3 3 3 3 3 1849 3 3 3 3 3 3 3
3 3 3 3 1858 7 3 3 1860 3 3 5 3 3 3 3 3 3 3 3 3 3
3 1584 3 3 3 3 902 8 3 3 3 3 3 3
3 1585 3 3 942 3 942 3 3 21 3 3 3 3
3 1586 3 3 3 3 3 8 3 3 3 3 3 3
3 3 3 3 3 3 3 3 1065 3 3 3 3 3 3 3 3 3 3 17 3 3 3 3
3 3 3 3 8 25 25 3 3 3 3 3 934 3 3 1860 3 3 3 3 4 3 3 3 3
3 3 3 3 3 3 3 3 3 3 1588 4 4 3 1589 4 3 4 14 3 3 3 3 1850 3 5 3 669 3 1825 3 934 3 3 8 3 3 1850 3 3 3 3
3 3 929 5 3 3 5 3 3 8 3 3 3 3 3 4 3 3 3
3 3 3 3 3 3 3 8 3 3 3 3 3 930 3 3 3
3 7 3 1826 3 3 3 3 8 3 3 3 3 4 3 5 3 3 3 3 3 3 3 3
3 3 3 931 3 3 3 3 3 1857 3 3 3 3 3 3 3 3 3
3 118 3 3 4 3 3 3 1861 19 940 3 3 3
3 3 3 3 3 3 3 3 3 3 3 3 3 3 3 3
3 3 3 3 3 3 3 3 3 3 3 3 3 3 3 3 3 3 3 3 3 3 3
3 3 3 3 3 3 3 3 3 3 3 3 3 3 3 3
3 3 3 3 3 4 672 3 989 3 3 3 3 3 3
3 1140 1595 3 3 3 4 3 905 945 3 3 3 3 4 1596 1597 3 3
3 3 3 3 3 3 3 3 989 938 3 1828 3 3
3 3 3 3 4 1598 3 3 6 3 951 3 4 4 1599 3 5 3 6 3 1600 3 3 3 3 3 3 4 11 3 3 6 3
3 3 3 3 3 3 3 3 1857 6 951 1829 3 3 3 3 3 3 3 3 3 3 6 3
3 3 3 3 3 3 3 3 3 3 1602 4 3 1603 3 1849 3 4 1077 3 3 3 3 3 4 3 3 3
3 1605 3 5 3 3 3 3 3 3 3 3
3 1158 3 3 3 3 3 3 3 3 3 3 3
3 3 3 3 3 3 3 3 3 3 3 3 3 3 3 3 3 3 3
3 3 3 3 3 3 3 3 3 3 3 3 1061 3 1010 4 3 3 3 3 3 4 1606 4 3 3 3 3 3 3 3 3 1061 3 1164 3 3
3 3 3 4 4 996 966 3 3 3 3 3 4 1607 3 1165 3 3 3 3 3 3 3 3 3
3 3 3 3 3 3 3 3 3 3 3 3 965 3 3 3 3 3 3
3 3 3 4 3 3 4 967 3 3 3 3 3 1164 3 3
3 3 908 3 3 3 3 4 4 3 3 3
3 3 3 3 3 3 3 3 3 3 3 3 3 3 3 3 3 3 3 3 3 3 3 3 3 3 3 3 3 3 3 99 3 3 3 942 3 4 1096 4 3 3
3 1849 3 3 3 3 3 4 3 3 3 938 3 4 1609 4 3 3 3 3 3 3 1088 4 3 3 3 3 3 3 3 3 3 3 3 4 3 3 3 3
3 3 3 3 1858 3 3 3 4 1610 3 3 3 3 3
3 3 3 3 3 3 3 3 3 3 931 3 3 3 3 3 4 3 3 4 3 3 3 3 3 3 3 3 1611 3 3
3 3 3 3 4 4 1612 1613 3 3 1849 3 3 3 3 4 4 1615 3 3
3 3 4 3 11 3 941 3 1152 930 3 938 3 970 4 3 3 3
3 3 3 3 1107 4 3 3 3
3 3 3 3 3 3 3 3 3 3 3
3 3 3 3 3 3 3 3 3 3 3 3 3
3 3 3 3 3 3 1082 4 4 3 64 3 3 3 3 5 3 3 3 3 3 7 3 694 3 3 3 3 3
3 3 1123 927 4 3 3 3 3 3 3 3 1850 3 4 3 3 3 1867 3 3 3 1831 3 3 3 3 3 3
23 1618 3 3 3 3 3 1851 3 3 3 7 3 3 3 3 3 3 3
3 1849 3 3 3 3 3 3 3 3 3 3 3 3 3 3 3 3 3 3 3 3
3 7 3 3 3 3 3 3 3
3 3 3 1621 3 3 3 3
3 3 3 3 3 910 3 1622 25 3 3 25 3 3 3 3 3 3
3 3 3 1623 5 3 5 3 4 3 3 3 3 3 3 3 4 944 941 3 3 3
24 933 3 3 3 3 3 3 3 3 3 3 3 4 3 3 3 3 3 4 3 3 3 3 3 3 3 3
3 983 4 3 5 3 3 3 1849 3 3 3 3 3 963 3 955 3 3 3 3 3 3 3 3 3 3 3 3 3 3 3 3 3 3 3
3 3 3 1833 3 3 3 3 3 3 3 3 3 3 3 3 3 3 3 3 3 5 3 3 3 3 3 3 3 3 3 3 3 1026 3 3 3 3 3 3 3 3
3 3 3 3 3 1855 3 3 3 3 3 3 927 1624 4 1905 935 1625 927 4 3 1855 3 3 8 3 3 3 3 968 3 959 3 3 3 3 3 1855 3 4 91 3 3 3 3 3 3 3 3 3 3 5 3 3 3 1834 6 3
3 3 3 3 3
3 3 3 3 954 3 3 3 3 3 3 913 3 3 3 3 3 3 3 3 3
3 3 1025 4 3 3 3 3 3 3 3 3 3 3 3 3 3 3 3 3 3 3 3 3 3
3 3 3 3 3 3 3 3 3 1836 3 3 3
3 3 3 3 3 3 3 953 3 3 3 3 3
3 981 3 3 3 1066 3
3 38 3 1626 3 929 3 3 3
3 3 3 3 3
3 3 3 3 3 3 3 3 3 1849 3 3 3 3 952 3 3 3 3 3 3 3 3 3 3 3 3
3 3 973 3 3 3 957 1627 999 3 3
3 1628 3 1837 3 1629 3 3 3 992 3 3
3 3 3 3 3 3 3 3 3 3
3 3 3 3 3 1000 3 3 3 3 4 3 3 3 3
3 3 3 3 3 3 3 4 3 3 3 3 3 3 3 3 1059 3 3 3 3 3 3 3 3 3 7 3 3 3 3
3 3 3 3 3 3 3 3 1118 935 3 3 3
3 3 3 5 3 3 3 3
3 3 3 3 3 3 3 3 3 3 3 3 3 3 3
3 3 3 3 3 3 916 3 50 3 1630 3 3 3
3 3 3 3 3 3 3 3 3 917 3 3 3
3 3 3 1129 3 3 3 3 3 3 3 3
3 3 3 3 3 3 3 3 3 3 3 3
3 3 3 1141 3 3 3 3 3 3 3
3 3 3 3 3 3 3 3 3 3 4 3 3 3
3 3 3 3 927 1855 3 3 3 3 3 3 3 3 3 3
3 3 3 3 3 3 1030 4 3 3 3 3 3 3 3
3 3 3 3 3 3 3 4 3 4 3 4 1632 3 3 3 3 3 3 3 3 3 3 3 3 3
3 3 3 3 3 4 3 3 4 4 1116 3 3
3 3 3 3 3 3 3 3 3 3 3 3 3 3 3 4 214 3 3 3 3 3 3
3 3 3 3 3 3 3 3 3 3 3
3 3 3 3 3 3 3 3 3 3 5 3 3 4 3 3 3 3 3 3 3 3
3 3 3 3 3 3 3 3 3 3 3 3
3 3 3 3 3 3 3 3 3 5 3 3 3 3 3 3 3 3 4 1633 3 5 3 3 3 3 3 3 3 3 3 3 3 3 3
3 5 3 3 3 3 3 3 3 3 927 3
3 3 3 3 3 3 5 3 3 3 3 3 3 3 3 3 3 3 4 3 3 3
3 3 3 3 3 3 3 3 3 3 3 32 3 3 3 3 3 3 3
3 1634 3 3 4 3 3 3 3 1635 3 3
24 940 1636 8 3 3 3 929 3 3 3 3 3 3 1013 4 1637 3 141 1840 3 3 3 3 3 3 3 3 3 3 3 3
3 12 3 1857 3 3 3 3 3 3 3 3 3 3 3
3 3 3 3 3 4 3 3 3 1858 3 3 4 1639 3 3
3 3 3 3 3 3 3 928 3 3 1640 3 3 3 3 1849 3 3 3 3 4 3 3 3 3 3 3 939 1849 3 3 3 3 3 3 3 3 3 3
3 3 3 3 3 3 3 3 3 3 3 3 935 66 3 3 3 3 3 3 3 3 3 3 3 3 3 963 3 3
3 3 3 3 3 3 3 3 3 3 3 3 3 3 3 3 3 3 3 3 970 3 3
3 3 3 3 3 3 3 3 3 3 3 932 3 3 3 3 3 3 3 3 3 3 3 3 3 3
3 3 3 3 3 3 3 3 3 3 3 4 3 3 3 3 3 3 1642 3 3 3 3 3 3 3
3 3 3 3 3 3 3 3 3 3 960 3 3
3 3 3 3 3 3 3 3 5 3 3 3 3 3 3 3 4 3 3 3 3 3 3 3
3 3 3 3 3 3 3 3 3 3 3 3 3 3 3 3 3 3
3 3 3 3 3 3 3 1851 3 968 3 3 3 3 3 3 3 3 3 3 3 3 4 1066 3
3 3 3 3 3 3 3 3 3 7 1864 3 3 3 1850 3 7 3 934 3 1166 4 4 3 3 3 3
3 3 3 3 3 3 3 3 3 40 3 1850 6 3
3 3 3 3 3 3 3 3 3 3 3 3 3 3 3 3 3 3 3
3 3 3 3 3 3 3 3 4 4 4 4 1150 3 976 1646 3 9 1856 3 3 3 3 3 3 965 3 3 3 4 1855 3 3
3 3 3 3 3 1855 3 3 3 4 3 1156 941 3 3 3 3
3 4 1649 3 3 3 3 3 3 3 3 3 3 928 1167 14 3 3 933 1063 3 3 3 1849 3 3 3 3 3
3 3 3 3 3 3 3 3 3 3 3 3 3 3 3 3 3 3 3 3 3 3 3 3 3 3 3 3 3
3 3 3 3 3 3 3 3 3 3 4 3 3 3 3 3 3 3 3 3 3 928 1004 3 3 4 3 3 3 3 3 1651 3 3 3 3 3 3 3 3 3 4 3 3 4 3 3 3 1153 3 3 3 3 3 3 3
3 3 3 938 3 3 3 3 1652 947 1653 3 3 3 3 3 4 3 3 4 3 3 3 3 3 4 4 962 935 3 919 3 996 1654 957 3 3 3 3 3 3
3 3 3 3 3 3 3 3 928 1054 3 953 3 3 3 4 3 3 3 3
3 3 3 3 3 3
3 3 1849 3 3 12 3 4 1851 4 3 3 3 3 3 3 3
3 3 3 3 3 3 3 3 4 1656 4 3 3 3 4 1657 4 3 3 3 4 4 4 1658 4 146 7 1659 3 3 3 4 1660 4 3 3
3 945 3 79 3 3 3 1736 3 3 3 3 3 3 6 1661 3 929 11 3 1662 3 3 1663 978 927 984 935 3 1664 3 1849 3 3 1666 3 3 3 3 3 3 3 3 3 1855 3 3 4 3 3 928 1167 3 3 3 3 3 1065 3 3
3 3 3 1668 3 1736 3 3 936 3 3 3 3 3 5 984 940 3 3 3 1669 5 3 3 3 3 3 3 3 3 3 8 3 3 3 3 3 3 3 3 3 3 1849 1860 3 3 929 3 3 3
3 3 3 3 3 3 3 1849 3 3 4 1672 988 3 3 3 3
3 3 3 3 3 932 3 1849 7 3 3 3 1673 4 1674 3 3 5 3 3 1159 3 7 3 3 969 3 3 223 3 4 3 3 3 4 3 3 3 3
3 959 1675 927 3 7 1872 3 1677 1678 1679 3 3 3 3 3 3 3 3 3 3 920 1680 931 5 984 7 3 3 3 3 3 1155 3 3 3 3 3 3 3 3 3 3 3
3 3 3 3 3 3 3 3 3 3 3 3 3 3 3 3
3 3 3 7 3 3 3 3 3 3 3 3 3 5 5 3 3 3 3 3 3 3 3 3 3 3 3
3 5 3 3 3 3 3 3 3 3 3 3 3 3 3 3 3 3 3 3 3 3 3 3 3 3 3 3 3 3 3 3 3 3 3 3 3
3 3 3 3 3 3 3 3 3 3 3 3 3 3 3 3 3 3 3 3
3 3 3 3 3 3 3 934 3 3 3 3
3 956 3 3 3 3 3 3 3 3 3
3 3 3 3 3 3 3 3 3 3 3 3
3 3 3 3 932 3 3 3 1151 3 3 3 3 3
3 3 3 3 3 3 3 3 3 3 3 3 3 3 3 3 3 3 937 3 3 3 3 3
3 3 3 3 3 3 3 3 3 3 3 921 3 3 3 3 3 3 3 3 3 3 3 3 3 3 3 3 3
3 3 3 3 3 3 3 3 3 3 3 3 3 3 3 3 3
3 3 3 3 3 3 3 3 3 3 3 3
3 3 3 3 3 3 3 3 3 3 3
3 3 3 3 3 3 4 4 3 3 3
3 3 3 3 3 3 3 3 3 3 3 5 9 3 3 3 932 3 3 3 3 3 3 3 3 3 3 3 3 3
3 3 1857 3 4 760 3 3 3 3 3 3 3 3
3 3 3 1062 3 3 953 950 3 3 3 3 3 3
3 3 3 3 3 3 3 3 1683 938 3 3 3 3 3 3 4 1858 4 4 982 3 3
3 3 952 3 3 3 3 3 3 3 3 3 3 3 3 3 3 3 3 3 3 3 3 3 3 3 3 3 5 3 3 3 1108 940 1855 3 3 3 3
3 3 3 3 3 3 3 3 943 3 3 3 3
3 3 1883 3 3 3 3 3 3 3 3 3
3 3 3 3 3 3 3 3 3 3 3 3 3 3 3 3 3
3 3 3 3 952 3 3 3 3
3 3 3 4 21 3 220 3 21 3 3 3 3 3 3
3 3 1857 3 3 3 3 3 3 3 3 3 47 3 3 3
3 3 953 950 3 3 928 951 3 3 3 3 3 3 990 3 3 1686 1045 973 3 3 3 3 3
3 3 3 3 3 3 3 3 3
3 3 1901 3 3 3 1687 3 3 3 3 932 3 3 3 3
3 3 3 4 3 3 1035 3 1688 3 3 3 3 1851 4 3 3 3 3
3 3 3 3 3 1056 4 3 3 3 3 3 3 3 3 3 3
3 3 1901 3 3 4 3 768 3 3
3 3 1901 3 3 4 4 4 931 3 3 3 3 3 3 3
3 3 3 3 3 3 3 3 3 3 3 3 3 3 3 3 3
3 3 3 4 3 770 3 1851 3 4 1694 1119 3 3 4 3 3
3 3 3 3 3 3 3 3 3 3 3 3 3 3 3 3 21 1695 3 3 3 3 6 1037 1855 927 3 1697 3 3 3 3 3 3 3 3 3 3 3 3 3 3 3 3 3 3 3 3 3 3 3 3 3 3 3 3 3 3 932 3 3 3 4 929 1698 3 3 18 128 3 3 6 3 3 3 3 3 3 3 3 3 3 3 3 3 3 3 3 3 3 6 1037 3 3 3 3 3 3 3 3 3 3 3 3 4 4 4 3 6 951 3 3 3 3 3 3 3 955 991 3 3 928 3 1699 3 3 3 990 3 1844 3 3 3 3 3 3
3 3 3 1135 6 3
3 3 3 3 3 3 7 3 3 932 1700 3 3 3 3 3
3 3 3 3 3 932 3 3 1009 3 3 1849 1845 3 3 3 6 951 3 47 1020 3 3 3 3
3 3 3 3 3 3 3 243 3 3 3
3 3 3 3 3 3 3 3 3 3 3 3
3 3 3 3 3 3 3 3 1056 3 3
3 3 3 3 3 3 3 3 4 1702 3 3 3 3 3
3 3 3 924 3 3 3 3 3 3 3
3 3 3 3 3 3 3 3 3 931 1856 1877 3 3 3 983 3 3 3 5 3 3 3 3 3 85 3 957 3 3 3 3 3 3 1705 3 3 3 3 3
3 5 3 3 3 3 3 3 3 3 3 3 3 3 3 3 3 3 3 3 3
3 951 3 3 3 3 3 3
3 975 3 3 3 3 3 3 3 3
3 3 1849 3 928 3 44 3 3 3 3 3 3 1849 3 3 3 3 3
3 3 3 3 3 1849 3 3 3 3
3 3 3 8 3 3 3 3 970 8 3 5 118 3 3 4 3 3 3 3
3 3 3 3 3 1707 3 4 12 3 3 3
3 3 3 3 3 3 3 3 3 3 970 3 3
3 3 933 3 3 3 3 3 3 3 3 3 3
3 5 3 3 3 3 3 3 3 3 3 3 3 3 3 3 3 3 3 3 958 3 3 10 3 3 3 3 3 966 3 3 3 1069 3 3 3 3 3 3 147 955 925 3 3 4 3 1708 1069 3 3 3
3 3 3 3 3 3 3 3
3 3 3 7 3 929 3 931 3 3 3 3 3 3 932 3 3 3 4 3 3
3 3 3 1849 3 3 3 3 3 3 3 3 3 3 3 3 3 3 3
3 3 955 4 3 3 3 3 3 3 3 3 3 970 15 3 801 3 3 3 3
3 5 5 3 3 3 3 3 1871 3 3 3 3 3 1871 3 3 3 3
3 3 3 3 3 3 3 3 1903 3 3
3 3 3 3 3 3 3 3 3 3 3 3 3 3 3 3 3 3 3
3 3 3 3 3 3 3 3 1103 3 3
3 3 3 3 3 3 9 994 3 3 3 3 3 3 3 3 3 3 3 3 3 3 3
3 3 3 1062 3 3 3 970 3 3
3 3 3 981 934 3 3 3 4 3 3 3 3 3 3 3 3
3 3 3 933 3 3 3 3 4 4 3 3
3 3 4 1849 3 3 3 3 3 790 978 3 3
3 3 3 3 3 3 3 994 3 3 3 3
3 3 3 3 3 3 49 3 3 3 3 3 930 6 3
3 3 3 3 3 3 3 3
3 3 3 3 3 1169 3 3 3 1849 3 3 3 3 3 8 3 3 3
3 5 3 3 3 792 3 3 3 3 3 3 3 247 3 3 3
3 3 3 3 3
3 3 3 3 3 3
3 3 3 3 3 3 3 3 3 3 3 3 3 3 3 3 3 3 3
3 3 3 8 3 3 3 3 3 3 3 3 3 3 4 3 3
3 3 3 3 3 3 3 3 3 3 3 3 3 3 3 3
3 1715 3 3 3 938 3 3 3 3 1716 3 3 3 3 938 3 3 3 3
3 3 3 3 3 3 3 3 3 3 3 4 4 1717 3 3
3 3 3 3 3 3 3 3 3 3 3 3
3 3 3 3 3 3 3 3 3 3 3 3 3 3 3 3 953 3 3 8 3 1718 3 3
3 3 3 3 3 3 4 1849 3 3 3 3 3 3 7 1720 1721 3 3
3 3 3 3 3 3 3 3 3 3 935 1857 1848 3 3
3 3 3 3 1007 3 3 3 3 3 3 5 3 3 3 3 1855 3 3 3 3 3 3
3 3 3
3 3 3 3 3 3 3 3 3 3 3 3 3 1081 3 3 3 3 3 3 3 3 3 3 3 3 3 928 1161 3 929 3 3 3 3 3 3 3 3 3 3
3 3 3 813 3 3 3 5 3 3 3 3 3 3 3 5 3 3 3 3 3 3 3 1849 3 3
