101 1422 1411 1110 170 5143 2060 1331 1114 14654 4032 4131 119 102
101 1135 1144 170 1344 3476 1416 1272 1157 1353 3441 119 102
101 2711 1104 1122 1110 1126 3924 1331 117 1175 1132 1242 7116 1105 2853 4822 119 102
101 146 18029 5807 1103 8246 3521 1107 1103 172 7340 1200 1104 1103 1331 1134 1110 4405 1118 170 2493 119 102
101 11415 15297 1132 1304 1887 1105 1211 1104 1172 2906 1103 1957 20392 1121 1103 1331 119 102
101 1247 1132 170 1435 24579 1233 4834 1373 1103 2043 2050 2472 1104 1103 1331 1187 1128 1169 1525 1155 1912 1104 18879 131 5482 117 6668 117 17382 1116 117 27081 117 11109 7116 117 7724 117 2698 2094 7724 117 100 117 3201 6421 117 20247 1116 1105 1639 119 102
101 2082 1104 1103 7116 1138 3813 1105 3272 1120 1655 1210 1808 1104 1103 1214 131 1356 117 1340 1105 1360 119 102
101 1109 3068 1104 1103 2982 1105 1826 1132 2385 1363 117 1272 1175 1132 170 3321 2208 117 1649 146 5996 1128 1781 1920 1164 1199 8406 1116 1137 28015 1116 119 102
101 6064 1144 1117 1319 2714 119 102
101 2563 1328 1106 1129 170 3995 117 1168 1328 1106 1129 170 3218 119 102
101 9612 1112 170 4391 1110 1304 11215 1272 1242 3672 119 102
101 1752 117 146 1209 1138 1126 3767 1106 1686 6629 119 102
101 2307 117 146 1169 3201 1155 1213 1103 1362 117 2283 1472 1234 1150 1132 1304 4931 119 102
101 5893 117 146 1209 1138 170 2640 2845 1107 1992 3512 1137 1958 1105 146 1169 1294 2053 1114 2505 1825 118 1135 112 188 5426 106 102
101 4428 117 146 1209 1138 1344 10326 1165 146 1821 4391 119 102
101 1706 1129 4391 117 146 1538 2025 1304 1662 1177 146 1209 2222 1106 3858 1107 1546 1106 1294 1139 4185 2502 2276 119 102
101 1130 1103 2174 117 146 1209 1561 170 4391 119 102
101 1986 1552 1296 1266 1144 1167 1173 122 1610 1111 1296 1141 117 1142 1110 1178 1141 1104 1374 2255 1115 1234 1329 1750 1470 3936 119 102
101 146 2676 1121 1139 1411 20250 1107 2413 1106 1301 1106 6390 1108 1164 16984 6549 117 1208 1191 1195 1132 6918 1195 1169 6657 1106 1203 1365 119 102
101 1130 1652 1187 146 1686 117 1107 12094 117 1195 1329 170 1974 1103 2669 1106 1301 1107 1103 1211 1696 1411 1104 1993 117 1133 1103 2669 1132 1304 5865 117 1143 1105 1139 1266 2215 5784 1191 1195 1301 1228 3368 1272 1103 3945 1132 1106 1344 119 102
101 146 1821 1612 1107 1103 2174 1175 1209 1129 1610 1682 1106 4689 1137 1128 1169 2493 1172 1107 1240 4480 119 102
101 7282 117 1103 4583 1372 1104 3112 2296 1651 1107 1103 1675 1110 1686 1114 1672 1569 4233 119 102
101 1109 1936 2255 1110 1292 1835 1651 1169 1136 2936 1483 8342 119 102
101 1220 1932 2960 1104 1846 1105 1169 1136 1501 170 5655 119 102
101 1135 1110 23951 1106 6982 119 102
101 1130 1103 1168 1334 117 1152 1547 1129 1458 1106 2914 12188 1569 3077 119 102
101 1130 1546 1106 1660 170 1363 3077 1105 1437 1103 1569 6486 1158 117 1412 6297 9857 6613 1106 1138 170 1632 19015 1106 1168 1569 4233 119 102
101 3046 16062 148 11410 4218 106 102
101 2091 1128 1221 3231 16516 4419 136 102
101 5203 1128 1341 1122 112 188 1178 170 4799 119 102
101 1192 112 1231 2488 119 102
101 19253 3455 1106 1221 1725 106 119 102
101 146 1821 11367 1113 3231 16516 4419 1290 1210 1201 2403 119 102
101 22240 117 146 1793 1114 170 13519 8295 1107 1103 1298 1104 100 119 102
101 1109 1514 2255 1725 146 1458 1106 5424 1108 1106 3857 2841 113 146 1108 170 2113 1166 7150 114 119 102
101 1438 117 1122 1108 7310 1293 146 1180 21937 1103 5882 1229 146 1108 1833 4799 119 102
101 13355 117 146 2788 1115 1780 100 1796 2375 1143 1106 4607 1139 12691 117 1541 146 4927 1103 1436 4943 5805 1586 1105 1781 4687 1103 11408 119 102
101 1409 1800 3349 1106 1321 1146 1142 4799 117 1148 1104 1155 117 146 1156 6315 1140 1137 1123 1106 6799 170 1363 3231 8295 119 102
101 1135 112 188 1696 1106 3644 14705 117 1561 6062 1105 1138 170 1363 5012 119 102
101 25527 117 1119 1137 1131 1156 4417 170 1363 10815 1105 117 1104 1736 117 5806 5413 119 102
101 146 1567 1142 4799 119 146 1440 1977 1106 1103 12041 117 1106 1301 1149 1114 1139 8295 1105 1139 1372 1104 2053 119 102
101 1398 1104 1366 4511 170 1363 1159 119 102
101 1262 146 1156 1176 1106 8343 10565 1106 5424 119 102
101 9913 1156 1136 9005 1122 119 102
101 6423 7443 1279 102
101 6423 7443 1279 1108 1103 1314 11826 146 1138 1562 119 102
101 146 1202 1136 18029 1122 1106 1482 2211 1190 7704 1201 1385 117 102
101 1272 1122 112 188 2846 1106 2437 132 1111 1859 117 1103 2650 1132 117 102
101 6423 117 9564 117 1105 1147 2153 117 170 17803 117 1105 170 3218 119 102
101 1109 2523 1110 1164 6423 112 188 1266 1115 5279 1154 170 20077 117 8198 1105 102
101 13952 119 102
101 2907 11363 170 7577 1104 6423 112 188 1266 117 1105 2650 102
101 1121 170 1642 1147 4113 2373 1510 119 102
101 1109 1642 2140 2274 1282 1107 170 3227 117 1105 20077 117 8198 1193 102
101 1215 1107 1168 1551 119 102
101 1135 112 188 5426 1272 6423 112 188 4113 2751 170 2095 1107 1147 3922 117 1115 102
101 1125 170 6994 3504 1104 1160 5919 1198 1176 1123 112 188 117 1103 1269 3200 1145 1104 1103 102
101 1642 1131 2373 119 102
101 146 18029 1142 2523 1178 1106 13663 2214 1190 7704 1201 1385 119 119 102
101 1109 1436 1282 1111 1685 1234 1107 1412 1132 1162 1110 1443 4095 1103 3521 119 102
101 3446 1152 1169 1202 1242 7553 1104 4799 131 5947 117 9145 117 25502 117 11622 1158 117 18656 1105 1242 1639 119 102
101 1335 1655 1152 1169 2283 1168 13918 1105 10482 117 1138 170 3336 14602 4638 1105 5113 1106 1103 1390 119 102
101 1130 1103 2247 1213 1103 3521 1132 1177 1242 6460 1177 1128 1138 1103 7262 4006 1103 1268 1141 119 102
101 20044 1103 100 1132 1804 1679 1995 2277 1177 1103 1685 2636 1105 3287 1138 1277 1159 1106 4511 1103 102
101 17036 1159 1487 119 102
101 12956 2252 117 102
101 146 2810 1128 112 1231 2503 119 102
101 146 2676 1155 1104 1128 1105 5529 1139 1266 119 102
101 17003 1139 1583 117 1573 2312 4567 117 1108 1304 1662 1111 1143 119 102
101 146 5529 1139 1992 1402 1133 146 1202 1136 5529 1103 3832 119 102
101 146 2810 1106 1862 1106 1139 1583 1105 1267 1128 1254 119 102
101 1130 1103 1378 4397 8011 1105 2987 188 21294 1242 1104 1103 12305 1104 1980 117 1105 1207 6015 1127 1255 119 102
101 2855 2041 5742 1593 100 1121 1292 1201 1104 18366 119 102
101 1247 1108 1126 100 4298 1104 1103 1483 118 14072 19448 1241 1118 3485 1105 24806 119 102
101 146 1541 1176 1106 3201 117 1133 146 1176 1103 1211 1165 146 3201 1114 2053 119 102
101 146 170 1304 1363 2541 119 102
101 146 1567 1106 3201 1114 1139 1266 119 102
101 146 1202 1136 3201 1315 1277 1114 1139 2053 119 102
101 146 1198 1138 1125 5505 1160 1551 119 102
101 4435 1160 1551 1144 1151 1114 1103 5898 1115 146 1505 119 102
101 2857 1195 1355 1106 100 119 102
101 1284 1355 1175 1272 1103 2755 5898 1121 158 1592 5301 4022 1366 1106 1301 1175 1105 1505 1114 1172 119 102
101 1130 1115 1159 146 1225 1136 1221 8582 117 1198 1141 119 102
101 1430 1271 1110 178 14799 3031 119 102
101 1153 1108 1139 1910 117 1272 1195 1132 1121 1103 1269 1411 119 102
101 1252 1165 146 1108 1175 146 1310 1106 1294 1207 2053 1115 146 1309 22626 27116 146 1108 1280 1106 1138 117 1105 146 1309 22626 2118 1582 1103 1236 1115 146 1108 1280 1106 1221 1172 3940 4679 119 1120 1103 3295 1158 146 1464 1304 4020 2520 1114 1172 117 1133 1208 1195 1132 1304 1363 2053 119 102
101 1284 3523 1107 100 1176 170 1989 1195 1541 1125 170 1363 1159 119 102
101 1109 1248 3868 1115 146 1189 1108 1106 18079 119 102
101 1284 1355 1106 1505 1106 100 117 1106 1126 1856 1115 100 1121 2470 1301 1105 1675 1176 3057 2619 119 102
101 1247 1108 1315 2633 119 102
101 1130 100 146 1125 170 1363 1159 1272 146 2215 1107 1103 1269 1395 1115 1139 2053 1105 1195 18065 170 1974 1105 1195 1541 1125 4106 119 102
101 1599 1195 1355 1106 13429 2528 119 102
101 1247 1195 3143 1103 2129 2493 1105 1195 2215 1107 170 1304 9886 3415 119 102
101 1284 1127 1304 2816 1175 1195 1541 1176 13429 2528 119 102
101 10188 146 1108 1640 1151 1175 1196 1133 1136 1114 1139 2053 119 102
101 1599 1195 1355 1106 100 1106 1505 1175 1115 1108 1126 100 2541 1115 146 1209 1309 5042 119 102
101 1173 1195 1862 1106 1706 7535 2599 1106 2760 1114 1139 12533 1297 119 102
101 1262 1208 146 1138 1106 2789 1139 5174 119 102
101 1284 2810 1106 1301 1106 6855 1397 1214 119 102
101 146 1176 16516 9779 4934 119 102
101 8762 117 146 1341 1122 112 188 170 1304 2712 117 5426 1105 2184 17181 1912 1104 4799 119 102
101 1130 16516 9779 4934 2865 2354 1444 1106 1576 1199 3117 117 1134 170 1304 1472 117 1199 1104 1115 1132 1263 117 1199 1132 1603 119 102
101 5875 4250 2975 1132 1136 6062 1111 3713 117 1111 1859 131 3223 117 1609 13670 1137 16020 117 1155 1104 1115 1132 1304 2846 2975 119 102
101 1573 117 1122 112 188 1136 1177 3123 1176 1122 3093 119 102
101 1337 112 188 1725 146 1176 1122 119 102
101 1188 4799 1132 1111 1842 1441 119 102
101 1262 1145 1211 1104 1172 1132 1304 8394 117 1992 4316 1111 2636 117 2133 1176 3505 5324 119 102
101 1247 1110 1185 2174 1111 1470 3936 117 1272 9169 1118 1610 1110 1177 1277 1167 14785 119 102
101 1337 1110 1184 2490 1474 1165 1195 2367 1191 1152 9353 1470 3936 1137 1610 119 102
101 7993 1470 3936 1169 1129 1136 3123 117 1272 1195 1138 170 9382 1159 1105 5156 1195 1202 1136 1138 170 1282 1106 3465 1105 1115 1169 1129 4450 100 119 102
101 5875 1103 13673 1202 4585 1105 1195 7550 1202 1136 1227 1107 1159 1112 170 1871 1195 1169 1136 1243 1113 1159 1106 1250 117 1115 1110 1141 1104 1103 22611 1116 1104 1606 1470 3936 119 102
101 1448 6171 1111 1136 1606 1103 1610 1110 1115 1103 19847 3945 1110 1304 5865 117 1133 1103 1470 3936 10068 1132 1145 4138 117 1177 1115 100 1132 1136 1177 1363 2140 119 102
101 1370 1143 1610 1110 1103 1436 1105 1128 136 102
101 2119 1649 1240 3026 1110 117 1122 1110 3238 1106 1129 3264 1111 1240 3828 1297 106 102
101 1438 1128 1329 4373 170 3505 3868 106 102
101 2563 1932 1587 1143 146 1821 170 7678 112 188 100 117 1105 1152 1132 1107 1103 5663 1236 119 146 9353 1106 4511 1139 1714 1159 2903 170 1363 1273 2108 1165 1122 1110 170 11826 1190 1833 4799 117 102
101 1409 1128 1328 1106 1267 170 1363 11826 117 107 23287 26779 107 1209 1129 1240 1436 5146 119 146 1138 1562 1122 3055 1105 1107 1139 4893 117 1122 1431 1129 1562 1118 2490 1272 146 2059 1234 1156 1176 1122 1111 1242 3672 119 102
101 25527 117 1103 5681 1127 14820 1105 1103 1514 1959 117 1134 1108 1982 1118 4913 7422 113 1150 1110 1541 20844 5815 4179 114 117 1108 6929 119 102
101 1327 112 188 1167 117 1103 4928 1110 3123 1107 1546 1106 2437 119 102
101 1109 1607 1261 1282 1107 1103 3066 170 1374 1201 2403 1165 1103 1231 24032 3442 1108 3134 1118 1103 8114 1105 100 119 102
101 9841 117 10148 117 1294 118 1146 1105 1957 3154 1245 1518 1167 1107 3958 1103 1642 119 102
101 1438 117 1103 5945 1108 9684 117 1122 1225 1136 1243 1515 170 5528 119 102
101 1130 6593 117 1139 13710 1111 1103 2377 1273 1526 1110 1142 175 20356 1105 11215 24438 8683 1197 1538 1129 1562 1191 1128 1125 2097 170 1363 1159 1549 1190 1122 5515 1116 3709 1107 28117 21643 1235 1103 1322 1105 1122 1674 1136 1129 3737 119 102
101 1130 1901 117 1128 1156 1136 1138 1618 3767 1106 1267 1122 1190 1142 1989 117 1272 1198 1721 1107 2722 1103 3782 112 188 7678 1110 5664 119 102
101 1192 1431 1321 4316 1104 1115 106 102
101 1130 1139 4893 117 1470 3936 1107 1139 1583 1209 1309 4607 1272 1139 1583 1110 1177 2869 1105 3148 1122 1110 1737 1141 1104 1503 1362 2182 1105 1330 1341 1538 1129 1678 1154 9486 1110 1152 1103 8673 1132 9210 1152 1138 3072 1139 1583 102
101 1332 1195 2367 9655 117 1293 1169 1195 1321 1920 1104 1103 3750 136 102
101 1109 1148 1645 1115 1195 1341 1110 1103 11738 117 1103 1610 5427 117 4790 5427 117 3576 119 119 119 1133 117 1138 1195 1354 1107 1103 2094 1137 3459 136 102
101 3229 1165 1195 1132 9241 1107 1103 20247 1137 1168 7116 1195 1132 1833 1380 2213 117 1272 1195 2367 1106 3109 170 3821 184 1861 1106 3564 1120 1313 1142 2094 1137 1168 1614 119 102
101 1284 1169 1321 170 3821 1121 1412 1402 117 1272 1191 1195 1202 1142 1451 1159 1115 1195 1132 1280 1106 4417 1107 1296 4130 117 1195 1202 1136 4511 1167 2727 1104 5828 1137 2526 119 102
101 1252 1195 1202 1136 1138 6278 1103 1884 20284 9400 1118 3079 117 1284 1169 1329 1167 1103 11639 1137 1470 3936 26883 1320 119 102
101 2907 1107 1103 3271 1236 117 1195 1431 1301 3179 1106 1103 7680 119 178 10536 102
101 1409 1195 1132 1684 1114 1269 4798 1107 1103 1269 5448 117 1105 1150 2491 1485 1137 1119 1110 1412 23634 117 1195 1169 1301 1106 1103 1250 1107 1103 1269 1610 117 1142 1236 1195 1329 1750 2949 119 102
101 1109 23633 9857 1132 1145 1696 1111 1781 1920 1104 1103 3750 119 102
101 1220 1431 1138 8071 15640 1105 1114 1147 5136 1152 1169 4607 1103 15640 1104 1103 1416 119 102
101 146 1567 2865 1133 146 1225 1136 1243 1277 6305 1106 1505 170 4799 119 146 1255 1107 170 1491 1107 1726 117 1139 2153 1132 6915 1176 1211 1104 1168 12453 119 102
101 1109 1178 1505 1747 1107 1412 1491 1108 1103 1278 1747 1134 1108 1554 1104 1353 2067 1105 1136 1363 1106 1505 1251 2865 119 102
101 1332 146 1108 170 2027 146 1494 1139 1401 1113 1117 5448 1170 1139 1278 119 102
101 1284 3306 1778 1107 6079 117 1170 1115 146 1245 170 5442 1104 5428 119 102
101 146 1108 2903 1211 1104 1103 2697 119 102
101 17784 12285 1105 12469 4654 1183 1108 1139 5095 9469 1116 117 146 1567 1147 9698 119 102
101 138 6223 102
101 1135 1108 2247 13413 1105 1847 112 188 1266 1108 1107 1103 3871 2613 22086 1147 3043 1106 2470 119 102
101 1337 1108 170 1957 1266 1122 1108 1177 1992 132 1117 1401 1144 127 3330 106 117 1177 1119 1144 1542 14904 11128 1117 1376 2104 119 102
101 1130 1703 1152 1127 2724 185 19773 7136 117 170 1653 11622 9570 1105 170 3676 119 102
101 3517 1275 1904 1224 1152 1408 1106 1243 11920 117 1152 1767 170 1873 3516 1152 1106 3873 1103 4261 119 102
101 1109 3043 1106 2470 1108 10965 117 1105 1304 6276 119 102
101 1847 1215 1106 1138 170 1632 1159 1114 1117 14904 117 2589 1114 2545 119 102
101 1337 1108 1272 2545 3851 1106 1660 3791 1106 2490 117 1105 8372 1225 1136 3851 1115 119 102
101 1332 1103 1992 1266 1243 1149 1104 1103 4261 117 1152 4663 1115 1152 1127 3351 1315 1277 3459 117 1122 1108 17913 106 106 102
101 1247 1152 1261 170 11736 1106 1103 3415 117 1105 1120 125 9852 119 102
101 1103 1266 1108 3179 1213 1103 23211 3415 119 102
101 1789 1904 1224 1152 1902 2193 1293 1103 14904 1127 1280 1106 2934 1103 4045 119 102
101 1847 1921 2207 1114 1103 1314 1141 1119 1156 1176 1106 132 2545 119 102
101 1337 1480 117 1103 3676 117 1103 11622 9570 117 2545 1105 8372 7362 1107 1103 1269 1395 117 1105 1115 1108 1136 1315 2213 119 102
101 1332 1847 1243 1146 1107 1103 2106 117 1119 4663 1115 1117 11622 9570 1125 100 117 1105 1119 1276 2545 112 188 3676 1114 1199 1653 1716 1107 1117 1779 119 102
101 1124 1354 1115 1103 3676 1125 8527 1103 11622 9570 1219 1103 1480 117 1177 1119 6031 1106 2545 117 1501 1103 1442 1105 1355 1283 119 102
101 1847 1804 1103 1442 1105 1450 1120 1115 1721 1119 1125 1189 170 6223 102
101 1448 1104 1103 1436 7724 146 1138 1518 1151 1106 1110 100 119 102
101 1135 1110 3629 1107 1103 1304 2642 1104 1412 1331 1105 3272 170 2043 2783 1104 10514 1105 8898 119 102
101 1109 1555 1110 1541 1632 119 102
101 1109 15098 1279 1132 14739 1105 5278 119 102
101 1192 1631 1176 1128 1132 1120 1313 106 102
101 26252 15488 1609 1105 1353 7072 1114 4844 1174 1952 3459 2561 4931 6814 119 102
101 1109 10514 1132 1136 1304 5865 119 102
101 178 2059 1122 1110 6736 1111 1412 1705 102
101 1573 117 1139 9122 4799 1107 1103 1675 1159 1122 1110 2472 1250 3554 119 146 1138 1151 100 1142 4799 1640 1263 1159 119 102
101 146 1176 1106 6730 1113 1103 2472 1256 1107 1103 1265 1165 1103 4143 1796 2071 6756 119 102
101 2096 1736 117 1107 2247 146 1176 1106 6730 1167 1190 1107 3701 1133 1142 1202 1136 1831 1143 119 102
101 1409 1135 1110 1304 28048 1105 3223 5264 1796 117 146 1202 1136 3994 1164 1122 1105 146 1821 100 1120 1313 119 102
101 1370 1343 1234 117 1150 1328 1106 1838 1106 6730 1103 2472 1250 3554 146 1821 28002 1106 1838 1114 3501 100 1216 1112 3373 12534 117 4684 12534 117 20866 1116 1105 4816 6718 2145 119 102
101 1337 1917 3501 11536 1105 1152 1209 1494 1128 1209 1202 170 1363 1838 1146 119 102
101 1258 1199 1159 1165 1128 1209 1129 2296 1115 1128 1132 2407 1111 1167 117 1128 1169 1838 1106 2025 1167 2846 11536 119 102
101 1573 117 1122 112 188 1139 1148 2661 1106 2561 1483 3087 106 102
101 146 9164 1474 1184 146 1108 2385 2191 118 9588 170 1374 1808 2403 119 102
101 1252 1208 1136 119 102
101 1327 112 188 1103 2255 136 102
101 2279 1104 1713 119 102
101 146 1108 1136 8723 1114 1240 4658 119 102
101 5875 117 170 1974 1104 16954 1105 12043 2326 1107 1139 1246 117 1133 1293 1106 3593 1122 1205 11214 136 102
101 1731 1169 146 1329 1106 1329 1122 136 102
101 1731 1169 146 2049 1139 4067 1106 1202 1117 22232 136 102
101 1731 1169 146 4137 1172 136 102
101 1847 1110 170 8542 1105 1912 1825 119 102
101 1124 2491 1397 1106 1117 1266 112 188 1313 119 102
101 1847 1400 1597 1117 1601 1910 1290 1178 1141 2370 119 102
101 1252 1117 1534 4819 1117 1676 1105 1579 12941 1120 1123 119 102
101 5472 1117 1676 4161 1105 1567 1117 1534 1105 1309 19073 1106 1123 2252 1292 2213 7832 119 102
101 1847 112 188 1178 6088 1115 1119 1110 170 12477 12917 112 188 2298 119 102
101 1370 1119 1579 6472 1117 1534 1105 1579 1103 1676 1110 1103 2784 1141 119 102
101 1230 1676 1879 117 1272 1131 7871 1140 117 1106 10737 1105 12529 1111 1123 1534 118 1107 118 1644 119 102
101 1448 1285 1165 1847 1108 1149 1111 1250 117 1117 1534 26984 1105 1855 1117 1676 119 102
101 9841 1131 4294 1123 1443 1123 5093 1137 1948 119 102
101 1230 1676 1108 6782 1105 1131 6104 170 1974 1105 1131 1866 1113 2472 2613 1111 1847 119 102
101 2857 1119 1338 117 1117 1534 1455 1140 1106 1146 1976 3176 1115 1131 1108 4871 119 102
101 1124 1486 1117 1676 1133 1163 1185 1734 1106 1123 1105 1598 20844 1236 119 102
101 1230 1676 2045 1481 1140 1235 1152 2519 1313 1133 1117 1534 2694 1115 1117 1676 1500 1123 11224 1734 1105 5376 1115 1131 1108 6675 119 102
101 1847 2475 1117 1534 1780 1119 4379 6216 1104 6886 1113 1117 1676 112 188 3571 119 102
101 1124 4294 1117 1676 1170 27296 1123 119 102
101 1153 1108 6764 1105 19158 1164 170 6223 1131 1225 1136 10836 119 102
101 1252 1117 1534 3347 1123 13382 1105 2802 1140 1106 1601 1103 1442 119 102
101 1847 1804 1103 1442 1105 1450 1120 1115 1721 1119 1125 1189 170 6223 119 102
101 1109 1609 23447 119 102
101 1109 1609 23447 1108 1687 1113 6917 1118 1819 2586 2497 18221 119 102
101 1188 1108 1141 1104 1103 11236 1107 14850 1116 1115 13974 1412 2491 119 102
101 18221 1163 1106 1687 1103 1148 1435 24579 6071 6691 100 1609 119 102
101 1124 1108 4534 1103 1148 4040 1103 1178 1825 1774 1106 1107 14850 1126 100 1609 23447 119 102
101 1789 8202 3548 1175 1127 1406 1166 12989 1116 1104 100 15248 2988 1106 18221 112 188 1683 1133 18221 1110 1510 5175 1114 1103 11918 1272 1117 1683 1108 1682 1106 24046 19091 1643 1103 2206 3827 1272 1104 170 4612 1104 1210 5320 131 107 1126 3903 100 2578 117 170 2299 12374 1190 1639 1127 1682 1106 5515 1105 170 1344 4789 1115 1189 1540 3735 1121 170 25864 2674 16682 15668 119 107 102
101 113 1678 1121 7001 119 23447 1116 119 3254 114 102
101 18221 1310 170 3021 1844 1164 1103 100 1609 23447 1113 1357 1104 6723 117 1105 1117 1560 1902 1127 1107 6917 119 102
101 18221 1105 1117 1844 1264 1225 1117 6004 1435 24579 1193 1105 2561 170 1419 1270 107 18221 6763 3935 1881 107 119 102
101 146 1341 1184 1142 1110 1103 1211 5616 11918 1272 1443 1142 1195 1169 1136 1686 1176 1195 1686 2140 119 102
101 1943 1350 1120 1117 2824 1105 1450 1115 1119 1125 1106 1202 1380 2411 119 102
101 2545 1910 1104 1943 2840 7859 1174 2204 1205 1107 1103 1705 1395 146 1202 1136 1221 1184 1106 1202 2411 117 1148 5017 1205 3739 1105 146 6488 1117 8561 3222 1122 1110 3008 117 1173 146 1450 1115 1119 1110 1149 1104 5170 1177 146 1270 1139 22150 2490 8248 1106 1103 3205 1133 1253 1119 1110 1136 2232 1177 1195 4958 1106 1321 1140 1154 1103 2704 1137 1840 1103 13342 117 1921 1195 1840 1103 13342 1443 22904 8513 119 102
101 6064 19379 2613 1111 1103 13342 4870 1133 1253 1136 1870 1680 1103 2255 1110 1412 2134 2450 1110 1376 1677 1121 1103 1331 1115 112 188 1725 1122 1110 2033 1523 119 102
101 1284 1127 2613 21067 117 1921 1103 13342 2474 1105 1321 1140 1154 1103 2704 2411 119 102
101 10634 146 1138 1562 170 1304 5426 8679 1107 1570 3692 17300 2435 119 102
101 146 1108 3888 1191 146 1180 3593 1216 1126 3342 1105 1782 170 4716 119 102
101 1262 146 1879 1106 2222 119 102
101 25883 8071 1236 1104 1297 1110 1304 1927 1114 1211 1234 1155 1166 1103 1362 119 102
101 1262 1112 1111 1143 146 1138 1151 1280 1107 1111 4799 1111 1317 1201 119 102
101 1327 1110 1139 9122 1912 1104 4799 136 102
101 1135 112 188 6655 1404 12851 119 102
101 2009 1225 146 4835 1122 136 102
101 146 1328 1106 1129 4218 1105 1138 170 1363 2332 119 102
101 146 1575 1317 180 24755 1116 1105 146 1180 4330 1139 9122 3459 119 102
101 1135 1245 1936 1111 1143 1106 1576 3253 119 102
101 146 112 173 1176 1106 1660 5566 1106 10565 1136 1106 3465 1120 1313 1105 2824 1794 119 102
101 3414 1106 2865 10759 1116 117 1129 2327 1105 1128 1209 1631 1107 1330 1236 119 102
101 1192 1209 5042 1164 8114 1105 5865 5182 119 102
101 7331 1110 1176 5557 119 102
101 1409 1128 1202 1136 1138 2013 1111 170 1263 1159 1240 1404 1209 1631 1380 5283 119 102
101 2353 6130 1209 1129 2012 1105 1128 1209 1129 1682 1106 175 19284 2723 1251 2846 2261 119 102
101 2563 1209 1440 1120 1240 2482 4035 18854 1193 119 102
101 5594 1240 4255 119 102
101 1422 4255 1110 2385 1992 119 102
101 1109 2095 1104 1139 4255 1132 1653 1105 1103 1837 1110 1843 5583 119 102
101 1130 1139 4255 1175 1110 170 3058 1908 117 170 3431 173 7596 1468 117 170 1376 1609 3058 21685 1952 1105 170 1992 3058 21468 119 102
101 1212 1103 2095 1175 1132 1199 5324 1104 1139 1266 117 1133 146 1202 1136 13521 1251 16300 119 102
101 146 1821 1690 1120 7447 5124 117 1107 1103 11408 1104 7447 8764 117 1121 3524 119 102
101 1130 1139 1331 1103 3750 112 188 3636 1110 1177 2846 119 102
101 1752 1104 1155 117 1195 1138 1126 16137 1298 1104 172 1200 22146 2739 1106 3467 1239 1104 7447 5124 117 1133 2121 117 1103 1298 1209 1129 1215 1106 9417 170 1207 1459 1104 1239 119 102
101 1284 1138 1694 1317 5172 117 1133 2121 1110 1136 1589 119 102
101 25527 117 1103 1944 1674 1136 2187 1114 1103 3750 132 1111 1859 117 1103 1944 2141 1114 14946 112 188 4557 2436 1165 1103 1207 1558 4260 1174 1103 2885 119 102
101 1135 10541 1103 3098 1108 1694 1107 1103 1314 1275 1201 1122 1108 1166 1272 1103 1207 1741 1700 1104 1103 1558 119 102
101 1135 1110 1177 4736 1272 1103 3750 1444 1106 1129 1166 1173 1741 1700 119 102
101 4180 117 1195 1138 1136 1771 170 2448 1741 1106 11125 16259 26652 119 102
101 3743 1106 1329 170 14930 2436 1104 14946 117 1137 21804 1104 3881 117 1137 1103 21718 2605 16198 1657 18591 132 1195 1138 1215 1103 17549 18591 1115 1110 22648 1103 5384 119 102
101 1335 1314 117 1103 1416 117 1107 2656 1104 1103 1551 117 1674 1136 2187 1106 4932 1283 1103 14946 1113 1103 2472 1137 1107 170 11018 1298 119 102
101 1130 6593 117 1107 1139 1331 117 1103 4517 1104 1103 3750 112 188 3636 1202 1136 1684 1293 1122 1110 3238 1106 3636 1104 5384 117 3750 1105 8071 119 102
101 9247 1110 1103 100 119 1175 1110 1185 23280 9349 1757 1107 1412 10157 119 1152 1127 5116 1107 1147 1319 1250 119 2490 1127 1136 2817 1137 1267 1184 5871 11741 1158 1107 1412 1282 119 1152 1329 1106 2936 1164 1293 2633 2052 1110 136 1133 1152 1202 183 1204 1221 1184 2228 1142 1277 2633 119 178 2312 2199 1107 16109 2780 1105 2228 100 4044 119 1199 1234 1215 1106 6790 3304 1112 1191 1343 3304 1110 12277 119 1299 1132 24007 1272 1104 1155 1103 1645 2033 1121 1103 3304 1132 1714 119 102
101 1220 6961 23340 1164 3750 1272 1115 1674 1136 1522 1625 1106 1172 119 102
101 100 100 2415 1110 1304 1696 1111 2369 1106 1543 2383 1164 1769 3979 117 3813 117 6213 1105 3209 5793 119 102
101 2082 1104 1103 3722 1227 1293 1110 6975 5494 1399 1204 100 2415 1113 1172 1250 117 3335 1152 1132 22572 13159 1158 1363 4644 1105 7775 119 102
101 146 1138 1151 1107 1103 3066 1314 1214 117 1148 1107 1546 1106 1440 1111 170 2261 1112 170 100 1133 1145 117 1515 170 1974 1104 1159 1106 8664 170 1207 1362 119 102
101 146 2097 1164 1160 1201 1175 117 1133 146 1458 1106 1435 1171 1106 2413 1272 146 4007 1139 1313 119 102
101 1335 1148 117 146 1125 1270 170 3201 3677 1133 1119 1163 1119 1180 1136 1129 1682 1106 1520 1143 170 3043 1196 1160 1808 117 1177 146 1270 1139 1711 1150 3777 9005 1143 1111 1136 1515 1500 1140 1164 1103 3868 1105 1119 5163 1143 1119 1156 1138 18951 170 3043 10639 1190 1115 1363 1111 1720 3677 119 102
101 146 2475 1107 1140 117 1133 146 1225 1136 1221 1293 146 1108 2488 119 102
101 1124 1125 18951 1143 1103 3043 1133 1119 1225 1136 2653 1111 1122 117 1272 1107 1115 1721 1119 1125 1136 1400 5948 1536 1113 1140 119 102
101 1109 4997 1645 1108 1106 1525 1122 1149 1120 1103 3871 119 102
101 146 1125 1309 1464 1177 5604 106 102
101 9247 1110 1579 170 12199 2463 1107 1103 1362 119 102
101 1247 1132 1419 1177 1277 117 1152 1294 1412 1297 9590 18527 119 102
101 1706 1321 1920 1104 1103 3750 117 1296 1104 1366 1144 1106 1202 1625 1216 1112 11516 1106 1103 1234 1107 1103 1583 117 119 119 119 1164 1139 1491 117 1195 1329 21806 7404 188 12679 1104 11437 4934 117 14946 3532 5674 11794 14516 2316 15298 119 119 119 1105 1177 1113 119 102
101 8790 2052 178 1821 1301 1179 9468 2037 1164 1991 119 102
101 1422 1271 1110 138 6766 1197 21718 11394 2586 118 182 24672 16971 119 102
101 146 112 182 1492 1201 1385 119 102
101 146 1686 1107 7721 8945 113 155 9384 17868 114 119 1262 178 1821 1107 3654 2551 119 102
101 146 1138 130 5919 1114 1143 1195 1275 119 1262 130 3330 119 102
101 146 1541 1567 1106 3858 1483 15238 111 1497 15238 6898 7291 15238 119 1262 146 2936 4944 119 102
101 1422 7059 2979 119 102
101 2372 1128 24084 1158 100 1111 1240 12211 136 102
101 146 2810 1128 2789 1122 1114 170 1363 3654 106 102
101 146 1198 3146 1139 5953 1159 117 1105 1196 7034 1917 1106 1301 1106 1250 146 1108 2422 1104 1128 1105 146 1458 1106 1660 1128 170 1353 3774 1114 1142 14820 7630 117 146 2810 1128 1176 1122 119 102
101 1556 1155 1139 1567 102
101 3006 119 102
101 12956 2203 1137 10779 2312 102
101 146 1156 1176 1106 6058 1111 1103 2261 1115 1128 1138 18428 119 102
101 146 1821 170 2816 117 100 1825 1150 7407 1106 1250 1114 1482 119 102
101 146 1567 1685 1482 119 102
101 146 1138 1589 1107 1242 3119 1116 1196 117 1105 146 1138 3388 170 1974 1104 2541 1175 119 102
101 17774 102
101 27859 1161 102
101 1188 2247 2171 1106 1143 1317 1614 117 146 1355 1106 1103 4640 117 146 1355 1106 1103 4528 117 1137 2566 1355 1111 170 2647 1114 2053 117 1133 1103 1436 1108 1165 146 1355 1106 170 4655 1272 1122 1108 1103 1856 1115 1167 5628 2498 1143 1142 2247 119 102
101 1284 1400 1175 1120 1421 184 112 4705 117 1195 1125 1136 1870 1680 1242 1234 117 1177 1321 1103 3767 1106 1660 1103 5309 1115 1108 170 13445 3395 1103 1845 5413 1106 2519 1103 2984 117 1105 4547 1152 1127 1107 1444 1104 170 1207 117 1112 1103 12187 3097 119 102
101 2097 1544 1126 2396 1170 1195 2474 117 1408 1909 10565 117 1175 1127 1242 15908 1116 117 5438 117 8363 1116 117 8514 117 1105 1173 1195 1155 1355 1106 1103 1952 117 1134 1108 14524 1193 15695 117 7722 1104 2094 1104 1155 7553 117 8898 117 1133 1195 1127 1155 2613 1111 1103 1514 1736 117 1145 1103 2094 1108 14524 117 1133 1103 1436 1226 1108 1165 1103 2337 1355 1106 1103 4528 117 1195 1127 6918 1195 1125 1126 6929 4655 2197 2511 1150 4768 1103 14524 1105 4106 2619 117 1119 1163 1106 1103 12187 1105 23799 3873 1296 1126 100 3240 1105 2222 3179 1113 1103 1447 1112 1263 1112 21043 117 1105 1103 12187 1281 1272 1103 23799 5002 1105 2204 1170 1172 117 1149 1104 1103 3240 117 2204 1154 1103 1447 117 1105 4005 119 102
101 1335 1300 1107 1103 2106 117 1170 2280 1103 8218 117 2490 1408 1106 1817 117 1122 1108 170 1263 1285 1133 170 1974 1104 4106 117 1133 1122 1180 1138 5695 170 2113 2039 119 102
101 146 1932 5314 1146 1120 1565 184 112 4705 1107 1103 2106 117 1173 146 1209 1321 170 3613 5946 119 102
101 1258 1278 117 146 112 173 1176 1106 3940 4489 5735 119 102
101 146 1821 11367 1106 1576 1219 1103 1480 1159 119 102
101 15969 1139 1583 185 8209 1513 1202 2393 3329 1104 6223 1105 1138 2393 3329 1104 1104 2213 15640 6995 1147 7533 2019 1103 16259 26652 117 1152 1132 1579 6558 1147 1385 1614 1105 16259 26652 1107 1470 1282 117 1103 23633 14529 1145 1169 1136 1202 1147 1648 2019 1147 1234 1105 1147 2213 9151 102
101 2857 1852 170 1159 117 1175 1108 170 7121 1113 1103 1331 1270 107 100 107 119 102
101 100 1108 170 1304 4296 1331 1115 1108 1141 2213 1645 1111 1172 132 1103 1168 2213 1645 1108 1115 1107 1103 1331 117 1175 1108 170 7121 1270 107 11701 1891 107 119 102
101 11701 1891 1108 170 1304 21088 7121 1119 1579 25572 1116 1106 1103 1564 1451 6356 119 102
101 1130 1103 1285 117 1119 1108 170 10496 7121 117 1119 1108 1304 5085 113 1272 1119 1108 1992 114 132 1133 1107 1103 1480 117 1122 1108 1103 11565 117 1119 2311 1234 117 22955 2335 3038 132 1119 24881 1155 1103 4220 1121 1103 1331 117 1105 170 1974 1104 2213 1614 119 102
101 1448 1285 117 11701 1891 112 188 1397 7680 1108 1103 1331 1104 100 119 102
101 1398 1103 1234 1225 1136 1221 1184 1115 1108 117 1177 1152 1225 1136 1920 1164 1122 119 102
101 1252 1165 1119 2474 1106 100 117 1155 1103 1234 1355 131 107 100 107 119 102
101 1573 1155 1103 1234 1408 1106 1576 1105 7015 117 1105 1103 7121 1108 12137 1155 1104 1172 119 102
101 1124 1108 188 5674 10689 1155 1103 8592 1121 1103 1234 117 1119 1108 9769 1155 1103 4011 117 1105 1119 3072 170 6047 1298 119 102
101 1109 1397 1285 117 1119 1108 170 1304 8394 7121 117 1107 1168 1734 117 1119 1108 10454 1107 1168 7121 1404 119 102
101 1124 1108 2423 1472 132 1122 1108 7757 1103 1236 1119 1108 3176 119 102
101 1109 1645 1115 1119 113 1103 7121 114 1225 1136 1221 1164 1108 1115 1119 1125 170 14449 8974 113 6290 14449 114 1115 146 1645 1115 1122 1138 1185 11200 117 1122 1108 1270 107 1109 11701 1891 1130 11916 6006 107 119 102
101 113 1212 1343 1551 1175 1127 7188 7121 117 1133 3839 1104 1172 1108 1176 1140 132 1119 1108 1107 1103 1295 122 3997 1104 1103 7121 1107 9769 1614 119 114 102
101 1109 6479 1132 1774 1106 1294 170 11200 1111 1103 11701 1891 1130 11916 6006 117 1133 1152 1253 1202 1136 1138 1122 119 102
101 1130 1147 8087 117 1152 1138 170 1974 1104 13558 1115 1127 11018 1107 1147 1583 117 1133 1152 1215 1172 119 102
101 1220 1125 1106 1110 14995 1103 13558 1106 1103 7893 1106 1138 1103 11200 119 102
101 1789 6479 1225 1136 1920 1164 1103 8974 132 1152 1127 1773 10010 1264 1107 1147 178 2101 16476 119 102
101 1109 6479 1115 1127 1833 1103 7893 1125 170 1974 1104 6646 117 1133 1921 117 1152 1225 1122 1105 1152 1163 131 107 14524 107 119 102
101 2119 146 112 173 1176 1106 2037 1106 1128 1164 1139 5758 1176 1483 2377 1111 1242 1201 119 102
101 146 1821 4376 1201 1385 1105 146 1821 170 17382 119 102
101 146 1138 24928 4902 1106 1329 1483 170 1974 1104 1159 1219 1139 8799 2619 1111 1115 2255 146 1138 1678 1199 1483 4770 1242 1201 2403 119 102
101 146 1169 1587 1128 1115 146 2204 146 1169 2437 1166 3078 110 1165 146 1821 5578 1105 1165 146 1821 8003 117 1133 1139 1514 2463 1114 1483 1110 1104 1736 1165 146 1538 2936 131 146 2204 1139 2191 9210 1443 6595 117 146 1341 1115 1579 146 1821 2422 1107 142 10224 2944 1105 1170 12477 17215 1103 5179 1106 1483 117 1336 1129 1107 1142 1721 1165 146 1821 2269 1142 5239 146 1821 1543 1103 1269 2488 119 146 1221 1115 3776 1483 1110 170 1415 1965 1133 146 1538 2812 1115 1965 1272 146 112 173 1176 1106 1129 1126 6548 20959 13079 119 102
101 7199 146 1821 1684 1176 3218 1120 1103 2755 1105 1106 6215 1107 1483 1138 1151 1139 1301 1233 119 102
101 146 1821 170 3218 1107 8117 1105 12523 1315 119 102
101 146 1250 1315 1176 1714 27017 7589 1114 1103 1269 5174 1272 1122 1110 3238 1106 2773 1139 1107 7235 1116 119 102
101 146 1821 2269 1208 1443 3650 17085 1105 1543 1142 5239 1443 189 9871 18305 1121 142 27894 2944 113 146 2810 179 22558 3174 114 102
101 146 1821 1612 146 1209 1138 1242 12572 1133 146 1631 1363 1272 146 1538 3593 1105 3593 1105 3593 146 1444 1106 4607 1139 1483 1634 119 146 1538 1136 2204 2213 1191 146 1328 1921 3858 1483 1304 1218 119 102
101 146 2810 1128 1169 1494 1143 100 1167 1164 1293 4607 1139 1483 1634 1105 3689 1139 10458 8825 102
101 4514 1111 1128 2209 117 1105 146 1209 3074 1111 1240 8050 2497 4396 117 113 1115 1110 1139 1148 1159 2269 1166 1851 10683 114 102
101 9398 18528 102
101 146 1176 1250 3554 1113 4684 1146 6668 119 102
101 1122 1110 4763 1136 1106 1567 1833 2865 3246 1113 1103 4489 1586 119 102
101 1409 1128 1328 1106 1838 1684 1149 1128 1431 1129 2407 1111 1992 6829 1113 1240 6130 102
101 1212 9170 117 1347 1429 117 1103 1858 15747 1845 1105 1412 1989 1104 12020 1408 119 102
101 1130 1103 4427 146 1355 1106 1139 2842 3553 119 102
101 1122 1108 4106 1272 1195 3858 170 1207 5110 6974 2842 1105 1195 1845 1412 12999 2842 119 102
101 1212 5286 146 1355 1106 1103 8796 1114 1139 1266 119 102
101 146 3306 1141 15195 1105 1160 5831 119 102
101 2611 146 1355 1106 1103 1520 2984 1105 3306 1210 2146 132 107 7051 107 117 107 4608 107 117 1105 107 10392 111 1670 107 119 102
101 1212 1103 5138 146 2215 1120 1313 119 146 1838 3455 107 10392 111 1670 107 132 1122 1108 6929 117 146 1108 5574 170 1974 1272 1103 1614 1115 1103 2650 1163 119 102
101 1109 1168 1614 146 1202 1127 5575 117 8756 117 1105 2824 1794 119 102
101 1109 1397 1285 146 1355 1114 1139 2053 1106 1267 170 2523 119 102
101 1284 1486 107 1191 146 2215 107 1105 146 3097 1122 119 102
101 1109 2523 1110 1164 170 10674 1417 9103 1115 1125 170 1610 4216 1114 1123 1266 119 102
101 1430 1401 1105 1123 1534 1452 1196 1152 6657 1106 1103 2704 119 102
101 9103 5195 1133 1131 1110 1107 170 19737 1105 1131 1138 1106 4958 1191 1131 3349 1106 1686 1443 1123 1534 1105 1401 1137 1191 1131 3349 1106 2939 119 102
101 2611 1107 1103 1989 146 2789 1103 1285 4619 119 102
101 146 3282 170 20558 117 170 1376 1873 117 1105 170 11057 119 102
101 1109 1397 1552 146 1225 1136 1202 1277 119 102
101 146 1198 2946 1105 2824 5558 1120 1313 119 102
101 1109 1285 1196 146 1838 1278 117 146 1202 1126 4449 1111 3783 1705 119 102
101 1188 1108 1184 146 1225 1107 1139 12020 1116 117 146 1225 1136 1202 170 1974 1133 146 3097 1139 12020 1116 119 102
101 8667 8125 117 1139 1271 1110 20522 2718 119 102
101 146 1821 1121 1828 16931 16971 119 102
101 6689 1110 1139 1583 1187 146 1686 1111 1572 1201 119 102
101 1409 1128 1176 1105 3683 1106 1435 1303 1139 1436 5566 1110 1106 2215 1120 1313 119 102
101 2389 1128 1169 2498 1199 1948 1105 4511 1122 1113 1380 4106 119 102
101 1798 8921 119 102
101 20522 2718 119 102
101 1249 1679 1103 2052 8366 107 1302 7549 1111 1470 3936 107 117 146 1156 1176 1106 5194 7640 1113 1115 4268 1129 5351 1139 1483 1110 1136 1315 1363 1112 1128 8460 1341 119 102
101 2082 1104 1103 6431 3038 1132 1208 1552 9781 1234 1104 1331 2019 6431 1178 1136 1198 1272 1104 1103 14550 1133 1272 1104 1103 1159 1115 1122 14419 119 102
101 1986 1292 1552 1470 1156 1136 1176 1106 3201 1107 1103 1470 5371 1106 3277 1147 1159 1112 1218 1112 1948 119 102
101 6431 1110 1363 1111 1256 2332 1104 1103 1234 1112 1185 11738 1105 1155 1272 1122 2326 1113 6495 1105 1145 1122 7543 1211 1104 1103 1331 1112 6175 1144 170 2043 1298 8492 1104 6431 1115 1110 1541 14918 119 102
101 2189 1190 1115 1470 3936 1110 1145 1136 1363 1111 6240 3979 1134 1110 1136 1363 1111 1103 2174 1104 1103 1583 119 102
101 1409 1128 3143 6036 117 1128 1209 1309 5529 1103 8433 1303 119 102
101 1247 1132 1177 1242 8433 1303 119 102
101 1573 117 1208 1175 1110 170 2640 1111 1128 1106 9981 1103 5540 119 102
101 13997 1358 118 157 1811 12539 2334 1990 1110 170 1372 1104 1234 1150 1132 1363 1120 1412 2361 2099 117 1134 1110 107 13280 22536 1103 4876 1105 14131 1112 6807 107 119 102
101 1130 1303 117 1152 1209 6215 1128 1293 1106 3282 1103 1339 1104 5540 117 2842 1176 5540 117 1105 3222 1103 7505 119 102
101 8193 136 102
101 2066 1435 1105 1660 1122 170 2222 106 102
101 146 1341 2653 5865 3641 1113 2357 1610 1169 4851 1103 1329 1104 3079 1137 1168 4011 1107 1546 9474 1103 3404 2645 119 102
101 2279 1155 1234 1176 1948 117 1111 1859 117 1242 1234 1202 1136 4417 1610 1114 5865 3641 117 1177 1234 1538 1329 1103 1470 6312 117 1216 1112 3592 117 14790 119 102
101 1109 1470 6312 1209 3987 117 1177 1152 1169 3076 1167 1466 1111 10786 1105 1167 1470 1610 1106 3564 1142 119 102
101 6589 3404 1209 1129 27584 119 102
101 12956 6442 120 6340 2312 102
101 146 1821 11892 1111 1103 1700 1107 1103 3066 2659 7869 1106 1250 1142 1214 119 102
101 146 1821 1853 1201 1385 117 2034 1121 3524 119 102
101 146 1821 1126 1483 2377 1187 146 1138 1151 5076 1111 1421 1201 117 1105 3055 117 146 2085 1113 1103 3604 2036 1134 1110 170 1218 7398 10890 119 102
101 1130 1333 146 3024 1107 11216 3752 119 102
101 1622 1340 1106 1347 1104 1103 1381 146 1589 1111 170 8668 1419 117 1139 1700 1125 2017 1321 1170 1104 2114 1104 1234 1280 1106 1652 117 1142 2166 2541 2228 1143 6736 1111 1142 2261 1717 119 102
101 1130 1901 1106 1142 117 7572 146 1821 1541 14739 117 11215 117 20710 1105 4349 119 102
101 146 1202 185 19366 22280 2865 1216 1112 1709 117 3163 1105 10924 117 1114 1292 4196 146 1180 1494 1482 1138 4106 1229 3679 1172 1103 1155 4817 6245 1107 100 2865 119 102
101 1650 11892 1111 1103 2261 2356 146 1821 4988 1106 1250 1107 1155 1472 12072 1104 2261 117 146 1202 1136 2187 1134 117 1112 1263 1112 146 1138 1103 3767 1104 1217 1107 1103 3066 117 1112 1483 1110 1139 7615 119 102
101 1706 7584 1146 146 1631 1897 9588 1106 7568 1142 1700 1105 6243 1128 1111 6103 1139 4048 119 102
101 1422 12969 1193 102
101 19334 7176 119 102
101 146 1341 1470 3936 1110 1304 1696 119 102
101 1175 1110 1185 1236 1106 3201 1121 4498 1106 1103 3066 1606 170 1610 119 102
101 170 4261 1336 1321 1164 1479 2005 119 102
101 170 1610 1336 1321 1552 1137 1808 1111 1103 1269 2462 119 102
101 146 1541 100 1106 1129 1503 1420 1104 1139 1353 1266 118 1943 117 3406 117 1241 1104 1134 1132 1139 2153 1107 2532 1201 1104 1103 1269 1425 1105 1139 1376 1711 117 3938 118 1489 1214 1385 1107 170 100 4758 119 102
101 2397 6892 18570 1114 9020 1105 27627 1713 1321 170 3835 1106 1147 16358 13834 1905 118 3455 119 102
101 25883 170 1825 112 188 3869 3093 1106 1129 3942 2452 1106 1103 1934 2781 1105 2578 14264 117 1115 1110 2426 1106 3333 1107 1344 1705 175 11787 1905 117 1112 1152 1132 175 13335 6697 1113 10227 1112 1540 117 1741 7751 3576 119 1113 1103 1168 1289 1111 170 2243 1705 2073 1103 1385 118 14281 4718 1132 1253 1696 1112 1122 1110 1103 13998 1121 1412 11005 1107 2538 1104 4718 1112 19242 117 18569 117 10075 117 3576 119 102
101 6431 1110 1103 1211 6062 1236 1104 6312 1107 4116 119 102
101 6431 1110 1178 1141 1115 146 1329 1107 1103 1331 119 102
101 7993 170 1747 6312 1110 1136 6062 1272 1104 3404 119 102
101 2066 170 1374 1201 2403 1195 1408 1106 1329 170 1957 1812 1413 119 102
101 1252 1103 2463 1110 1938 7016 1132 1136 2033 1215 1106 1712 1142 1413 1714 119 102
101 4116 3404 1110 9684 119 102
101 6064 1110 1107 170 10275 119 102
101 1247 1110 1185 3719 1191 1128 1329 1610 1137 3592 119 102
101 1370 1859 1237 1470 3936 1144 170 1957 1413 1105 170 6030 1105 1122 1759 1176 170 2669 117 146 1928 1435 1107 6129 1159 1176 170 2669 119 102
101 1337 112 188 1139 4185 107 1165 146 1688 1103 5449 1104 3483 1105 5179 146 1108 1304 2816 1272 146 3890 1139 4185 119 102
101 1130 1142 5449 146 3544 1199 2645 1114 1139 1483 117 146 1310 1106 2367 107 1731 1169 146 4607 1139 1483 136 107 102
101 1155 1104 1103 2590 1108 107 1128 1138 1106 5113 1105 2373 1177 1128 1169 3593 1105 2936 1218 107 146 1163 3008 146 1138 1106 12864 1113 1991 117 146 1310 1106 2866 2114 1113 9078 1187 146 1276 1199 1104 1103 1234 3416 1147 3044 1114 1639 117 146 1723 1172 2411 119 102
101 146 1821 1107 1139 1236 1106 4607 1139 1483 117 146 2367 18203 1106 6388 1143 1106 1103 1268 1236 119 102
101 1422 4185 1110 1115 146 1328 1106 1501 170 1945 1111 6828 9681 117 102
101 1106 6215 1482 1105 6323 1107 1139 1583 1363 1483 1105 146 1209 3644 2361 1972 119 102
101 1103 1436 1645 1115 1169 8343 1143 1106 1501 1142 2057 1115 146 1138 1107 1139 1583 126 2053 1150 2025 1107 1103 5449 1104 3483 1105 5179 1105 146 1341 1115 1152 1209 1129 1304 2816 1111 4577 1143 1107 1139 2057 119 102
101 146 1221 1115 1110 170 1304 6929 4185 1133 146 13805 18203 1106 1660 1143 1155 2086 1106 5515 1139 2174 4185 119 102
101 3230 117 146 1105 1139 2053 1209 1301 1106 1103 7678 1120 1103 5138 119 102
101 5718 1202 1128 4268 2866 1366 136 102
101 1284 1209 1267 1126 2168 2523 119 102
101 1409 1128 1209 2866 117 1195 1169 2283 1107 100 8796 1107 1103 1331 1120 128 185 119 182 119 102
101 1103 1470 3936 1138 1185 2174 117 1103 5532 1107 1369 132 1144 1151 1205 1103 2949 7352 119 1109 2949 1110 10928 1208 1105 1207 3079 1132 1167 7856 1105 1103 1301 4121 1880 1660 100 1111 11060 119 102
101 1448 1285 1107 1357 117 1847 170 2298 1108 5076 4220 2751 170 2884 1114 170 3802 117 1229 1119 1110 2280 170 2884 117 1119 1767 170 1442 119 102
101 1130 1142 1721 170 1992 1299 1355 1154 1103 4255 119 102
101 1188 1299 1108 1117 1401 117 1150 1125 2044 119 102
101 1847 1108 1304 5604 1105 4853 1272 1119 1225 1136 2437 1625 119 102
101 1124 2910 1114 1117 1401 1105 1119 1455 1140 1272 1119 1108 1175 1105 1117 1401 5133 1115 1119 1125 1103 4583 3318 1164 1117 1266 119 102
101 107 1130 1103 1763 25702 26566 1240 1534 1841 1240 1711 117 1780 1131 1125 170 2255 117 1119 1108 170 7121 1272 1119 1841 170 1974 1104 1234 1107 1412 1331 117 1177 1195 1355 1106 1330 1331 119 107 102
101 1252 1847 1225 1136 2059 1142 1642 1105 1119 1354 1115 1119 1108 4523 119 102
101 1188 2820 1108 4763 1272 1117 1401 1125 2044 1105 1107 1142 1721 1119 1868 1105 1119 1533 1103 1442 1105 1117 1401 1163 1128 1538 1129 1303 1272 146 1538 2936 1114 1128 1167 1159 1105 4137 1272 146 1169 2936 1114 1128 1133 1847 1804 1103 1442 1105 1450 1120 1115 1721 1119 1125 1189 170 6223 119 102
101 12956 2823 5036 117 102
101 146 1328 1684 1107 1412 17287 119 102
101 146 1176 170 1242 2094 1105 3668 119 102
101 146 1250 1107 170 3538 1314 1214 1107 1139 1583 119 146 1169 1250 1263 1159 119 102
101 1967 9261 1183 117 102
101 10435 102
101 1731 1132 1128 136 102
101 3570 1195 1460 170 25464 1121 12071 1555 2057 1223 1412 1385 3300 1295 117 1122 1180 1129 170 6223 1118 1555 2057 1112 170 4430 4423 1558 15610 1832 5082 22355 1640 1850 1106 1555 6425 119 102
101 1130 3010 4430 1122 3817 2231 1115 1155 23912 2192 1431 1129 1850 1106 10958 1114 2629 1121 5187 120 5037 120 1410 119 102
101 1573 4268 19961 1155 1555 6425 1106 1862 23912 2192 1106 10958 1939 1104 1652 119 102
101 25883 117 4799 1110 1304 1696 1226 1412 1297 119 102
101 2408 8114 6315 1103 2415 1104 4799 117 1272 1122 1110 1304 8071 1111 1412 1404 1105 1111 1713 119 102
101 4081 1285 117 1175 1132 1242 4237 1105 2371 1869 1115 2520 1164 1103 6245 1115 1128 1243 1191 1128 185 19366 22280 4799 119 102
101 1422 9122 4799 1110 5947 1272 1112 1770 1112 1838 1142 4799 1128 1631 1618 119 102
101 1130 8438 1104 1128 1202 1136 1575 2841 117 1128 1169 1782 20655 1105 18605 119 102
101 1332 146 1821 2215 1107 1447 146 1631 1714 1105 1304 17132 119 102
101 1753 1178 1110 4799 1165 1128 1631 22199 117 1133 1145 1128 1202 170 1974 1104 6730 119 102
101 1438 117 1128 1202 1136 1138 1103 2296 1115 1128 1132 1304 4871 117 1110 1472 117 1120 1103 1269 1159 1110 14820 106 102
101 1212 1103 1141 1289 117 1139 5566 1115 146 1156 1660 1106 1800 2547 1139 9122 4799 117 5947 117 1110 1115 1128 1444 170 1376 1209 1540 1272 2121 117 1111 1859 1107 3701 117 1128 1209 1136 1328 1106 1301 1106 1103 10759 117 1519 2041 1128 1243 1107 170 4528 106 102
101 1212 1103 1168 1289 117 1139 1168 5566 1110 1115 146 1821 1304 1612 1115 1128 1209 1631 7310 1105 2816 106 1318 1129 1136 1120 1148 1159 117 1133 1612 1224 119 102
101 146 4437 1128 1115 1122 1209 1129 1142 1236 119 102
101 1192 1838 1105 1173 1128 4137 1106 1143 1293 1132 1128 136 102
101 3517 2508 102
101 8790 1139 1271 1110 2131 1133 1139 2053 1840 1143 2929 119 102
101 146 1821 1492 1201 1385 117 1139 5913 1110 1103 1492 1351 119 102
101 146 1108 1255 1113 5286 1103 1492 117 1115 112 188 6276 119 102
101 146 1108 3399 1121 1588 3577 119 102
101 146 1176 1106 1505 1709 1105 1837 5892 117 146 1176 1145 1106 1129 1114 1139 2053 1105 1122 112 188 1145 4106 1106 1505 1888 118 1638 119 102
101 146 1821 1363 1120 1837 5892 1105 1136 1112 1363 1120 1709 119 102
101 5875 146 1505 7135 1105 146 1341 1122 112 188 2785 4106 117 146 1176 1106 1129 1149 1114 1412 10339 3499 119 102
101 146 1400 122 2104 117 1123 1271 1110 12106 117 1131 1110 17090 119 102
101 1153 112 188 130 1137 1275 1201 1385 146 1202 1136 1541 1221 119 102
101 146 1176 1106 1129 1107 5872 1272 1122 112 188 3505 1105 3258 1105 1103 1234 1175 1132 1304 3505 117 146 1145 1176 1103 2094 119 146 1202 183 1204 1176 22232 1133 146 1202 183 1204 5042 1122 117 146 1821 1363 1106 20826 1139 1376 2104 1105 146 1821 6884 1104 1122 119 102
101 146 1145 1400 1126 5855 1123 1271 1110 8979 119 1422 5095 2094 1110 5475 2105 1104 14413 117 188 7867 22101 1105 2654 28117 5933 119 102
101 146 1267 1977 1106 5286 1165 146 1821 1280 1106 7678 1114 1139 2053 117 1195 112 1231 1280 1106 1267 107 2421 112 188 1129 11396 107 119 102
101 1422 5095 1110 11896 4558 1465 119 102
101 146 1202 1136 1176 11896 4558 1465 117 1133 1139 5095 2523 1110 1930 1659 5152 2472 117 2188 1104 1103 8374 117 1109 1794 118 1437 131 11449 117 1109 3179 2044 1105 2654 1588 2493 1105 1266 2564 119 102
101 146 1821 1363 1120 1837 5892 1105 1136 1112 1363 1120 1709 119 102
101 5875 146 1505 7135 1105 146 1341 1122 112 188 2785 4106 117 146 1176 1106 1129 1149 1114 1412 10339 3499 119 102
101 146 1202 1136 1176 1106 2373 1133 146 1176 1390 117 1363 1390 119 102
101 146 1176 2393 3329 1104 2360 1105 170 1974 1104 1472 1390 11688 119 102
101 146 1176 1155 1121 3618 117 4828 117 5110 6974 1106 5017 1390 119 102
101 146 1821 2903 170 1374 1794 118 1326 1133 146 2824 1172 1166 1103 7210 1177 146 1821 1136 1774 1106 1159 1103 4705 1106 1267 170 2004 119 102
101 146 1176 1103 4382 1195 8756 1113 1165 1195 1127 1113 170 10458 118 12020 1107 100 119 102
101 8790 1139 1271 1110 11825 1105 146 1176 1794 1638 1105 3420 1186 119 102
101 146 1145 1176 1106 2936 1483 1133 146 1169 1136 2936 1122 1120 1313 1272 1139 1376 1711 1198 1867 107 1831 2037 1483 107 1165 146 2037 1483 119 102
101 146 1221 1115 146 1138 1136 192 21980 1424 1122 1133 146 1138 170 1711 119 102
101 1124 1110 130 1201 1385 1105 1119 1110 1541 1363 1120 2157 1184 1119 3349 1155 1103 1159 119 102
101 146 1928 1165 1119 3349 1380 1119 1198 1163 1660 1143 1115 119 102
101 146 1138 1160 2153 1176 1103 1211 1234 119 102
101 1422 23993 1116 1271 1110 8067 1105 1139 4153 1116 1271 1110 155 7223 2956 1105 1152 1132 1103 1436 2153 146 1221 119 102
101 146 1202 1136 1221 1177 1242 2153 1133 3451 119 102
101 146 1176 2146 1315 1133 146 1169 1136 2373 1177 1363 1177 146 1821 1136 3455 1177 1662 2146 1114 5229 1104 5097 119 102
101 146 2373 2146 1176 19157 1104 170 160 4060 5005 5102 1137 1176 11310 3160 119 102
101 146 1176 1106 2037 1483 1120 1278 1315 1133 1139 2053 1202 1136 1176 1165 146 2037 1122 1107 1278 1177 146 2037 3619 1103 1197 119 102
101 1422 1374 7729 5837 8401 1179 1110 1103 3619 5837 13945 1272 1115 146 1176 1106 3593 19160 119 102
101 1422 1436 1116 2053 1271 1110 13845 1105 1119 1110 1541 4106 1105 1176 1140 119 102
101 1422 1266 181 11083 1116 1107 170 102
101 8790 2979 117 102
101 1731 1132 1128 136 146 1821 1280 1106 5594 1143 1177 1128 1209 1129 1682 1106 1231 7235 3708 1143 1165 1195 2283 1120 1103 2669 1466 119 102
101 146 1821 3543 117 1213 123 4865 117 1602 1716 1105 2221 1257 119 102
101 146 1209 1129 3351 170 1653 157 118 2969 1105 170 3431 1603 119 102
101 146 1209 1129 1120 1103 2669 1466 1120 128 184 112 4705 1105 146 1209 1129 2613 1111 1128 1120 1103 5400 1295 1978 119 102
101 15994 12747 117 102
101 11002 102
101 146 1156 1176 1106 5594 1139 1711 100 18393 1204 11487 1107 1142 2998 119 102
101 1124 1110 1572 1201 1385 1105 1119 2736 1304 1861 1106 1143 119 102
101 1119 7407 1106 1505 2092 1107 1714 1159 1105 7407 1106 1301 1149 1114 2053 119 102
101 25883 117 1195 1132 1107 1103 1425 1104 7210 119 102
101 138 3596 1362 1110 1687 1118 1103 7210 3797 119 102
101 1284 1138 1412 3044 5477 1105 1195 3858 1167 5477 1315 119 102
101 1188 1110 170 1540 1104 1103 1869 2815 119 102
101 1109 1934 6379 1216 1112 131 9078 117 10616 117 1130 8419 12139 117 7986 4882 119 119 119 1132 6755 1366 1106 1167 1105 1167 2053 117 2557 117 1470 3736 117 2146 117 2441 117 1934 3722 119 119 119 1195 1132 1541 1138 1242 1614 1106 1267 117 1106 1341 117 1106 107 1176 107 117 1106 107 7368 107 1105 170 5955 1104 4333 1116 1115 1195 1169 1294 1126 2168 1106 12196 1114 1639 119 119 119 1177 1336 1122 1110 2276 1115 1195 1138 1750 1159 1106 1341 1164 9655 117 1106 1321 1920 1412 8071 119 102
101 1220 1494 1366 1106 4909 1106 1103 1362 1105 1195 1138 1178 2570 2005 170 1285 119 1284 1221 1167 1614 1105 1195 2445 1167 1159 1111 1242 5426 1639 119 102
101 1252 1122 1198 3333 1107 1103 1869 2815 1105 2272 3872 1216 1112 131 117 4909 117 119 119 119 102
101 1212 1330 1289 117 1195 1253 1138 1242 1168 7951 1106 2561 1242 5616 6555 117 1113 118 1334 1826 1106 1494 1412 1297 1110 1618 1105 1618 1285 1118 1285 119 102
101 8373 1494 1366 1280 6629 1167 1976 117 1256 1435 1106 1103 2000 1118 170 2465 119 102
101 1135 1110 6929 1111 1128 1191 1128 1138 1536 1948 1106 2653 1111 1115 2465 119 102
101 1284 1631 1167 2816 117 6062 1105 1231 2087 21298 1170 1380 1176 1115 119 102
101 20599 2815 3114 1366 1167 2094 119 102
101 10847 3114 1366 1167 20159 119 102
101 2160 117 1195 1132 15097 1242 3819 1114 1412 2815 1111 1412 2296 117 1412 8071 1105 1412 7845 1315 119 102
101 1192 1169 2866 1106 1251 4482 2319 1113 1166 1103 1362 1106 4417 1199 7986 17901 1105 4582 1199 9078 4482 1315 1105 7379 1199 1948 119 102
101 1192 1321 1103 1362 1113 1240 1493 1114 2815 1106 1494 1240 1297 1618 1105 1618 2140 1133 1135 1110 1136 1554 1115 1122 1209 1363 117 1519 1712 1122 1114 1240 2993 117 1240 1159 1105 1240 1948 1315 119 102
101 1731 1169 146 1494 1103 3750 136 102
101 1731 1169 170 1372 1104 2053 1494 1103 3750 136 102
101 1188 1214 1143 1105 1139 2053 1132 1280 1106 1494 19585 23121 3291 17161 1121 1103 2793 3304 1783 119 102
101 1284 1132 4472 1115 1191 1103 2863 1202 1136 1243 4261 1181 1770 1152 1209 1309 4328 1146 1254 119 102
101 1337 1110 1103 2255 1725 1195 1132 1280 1106 2582 1175 6087 2863 119 102
101 2710 3936 1138 4725 1103 2918 1718 1290 1103 1763 4967 117 1122 112 188 14785 1105 3238 1111 170 1331 1297 119 102
101 1252 1165 1122 2502 1106 3201 117 1122 1209 1129 1167 14785 1191 1128 1138 170 1610 117 1272 1128 1209 1136 1176 1106 1301 1187 10565 2947 119 102
101 1409 1128 1138 170 1610 117 1128 1169 1301 5456 1128 1328 1105 1831 1118 1251 2712 3205 1128 1176 119 102
101 1135 112 188 1167 13156 1111 1240 3201 2197 119 102
101 1262 117 1122 112 188 1541 1536 1718 1107 1412 5015 117 1122 1156 1129 1618 1191 1195 1169 1817 1199 1282 9153 1174 117 1195 1202 1136 1444 1177 1277 14785 6312 117 1105 1195 1169 1253 1686 1218 119 102
101 12596 1199 2731 1106 1103 4033 117 1105 1817 2330 1586 1111 1412 4067 119 102
101 3076 1470 3936 1107 170 1331 117 1136 1107 170 1583 119 102
101 1422 5095 4799 1342 1110 6811 119 102
101 1135 1110 1304 1696 1105 1304 24815 1342 119 102
101 3570 5428 1110 1304 2505 1342 1107 1103 1362 119 102
101 3841 1172 5428 1110 1304 2505 1107 4471 6722 119 102
101 1284 1180 1301 1106 1107 1103 1362 1121 5428 119 102
101 1135 1110 1304 1632 119 102
101 3570 1195 1138 13336 9469 1116 1105 2505 1821 3365 1279 1190 1168 2182 119 102
101 1135 1110 1304 7468 119 102
101 1754 117 1652 117 1375 2201 1105 1203 2512 1132 1304 2505 1583 1111 5428 1342 119 102
101 1252 1343 2182 1132 1304 1872 1105 1152 1138 1251 3380 119 102
101 1252 4471 6722 1110 4297 1583 1870 119 102
101 1220 1138 1185 3380 1190 1168 2182 119 102
101 1252 4471 6722 5428 1264 1180 1281 1103 1291 4355 1387 119 102
101 1135 1110 1304 1696 6305 1107 1412 2182 119 102
101 1573 1112 146 1341 146 1169 5548 1107 5428 1190 1168 1638 119 102
101 1192 1169 1838 1103 5428 1342 119 102
101 1262 1128 1169 7379 1167 1948 1105 1128 1169 1301 1106 1168 2182 119 102
101 3570 1195 1138 7424 1104 2865 1638 119 102
101 5713 1926 3240 117 20820 3240 117 17915 117 11389 5538 117 14069 1566 117 3576 119 102
101 1252 1122 1110 1136 2505 1105 1195 1180 1136 1301 1106 1107 1103 1362 119 102
101 1252 5428 1110 1304 2505 1105 1195 1221 1251 9469 1116 119 102
101 1284 1169 1129 170 2505 1105 7379 1167 1948 119 102
101 6811 1110 1363 1111 1412 2332 1190 1168 1638 119 102
101 1130 1139 4893 5428 1110 1436 1111 1128 119 1192 1169 1129 170 1363 9469 119 102
101 1192 1202 1136 1184 1106 1202 136 102
101 2372 1128 170 7798 136 102
101 2372 1128 1575 1107 1103 1331 1443 3650 1184 1106 1202 136 102
101 1409 146 1821 1268 14255 20064 1358 3455 1142 119 102
101 1284 1138 170 1974 1104 6001 3380 117 1122 1110 1103 1363 1645 1164 1690 1107 170 1992 1331 1176 6331 117 1272 1195 1138 170 1974 1104 1472 7116 1290 3459 7116 117 23463 7116 117 2094 7116 117 5743 7116 117 18658 7116 117 12967 7116 117 8218 7116 1105 1277 1167 3322 1104 7116 1115 1221 146 1169 1136 2676 117 1133 1128 1169 1525 1593 1155 1128 1328 1137 1128 1444 1122 1110 1136 10965 136 102
101 1252 1111 1199 1104 1172 1128 1138 1106 3403 1304 1218 1272 1199 1104 1103 7116 1132 3527 1105 1199 1168 1132 1304 1363 4610 117 1133 1111 1115 1128 1138 7623 21951 1115 1209 1321 1128 1106 12826 1128 1328 1137 1128 1444 1106 1301 102
101 8790 117 102
101 1192 1156 1136 2059 1184 146 1225 1314 2370 106 102
101 146 1589 1120 1103 25679 1104 2067 3838 106 102
101 1135 1108 1216 170 1632 2541 1111 1143 119 102
101 146 3666 1107 1141 1390 1526 1107 1412 1331 1105 146 1108 1541 7215 1165 1152 100 1105 1455 1143 1106 1494 1272 146 5548 1280 1106 2067 6460 1105 146 1108 5098 8193 1164 1293 1103 25679 1110 1684 119 102
101 1327 1108 182 3382 2261 136 102
101 21981 146 2375 1639 1126 2446 1103 4333 119 102
101 146 4927 1684 1114 170 1839 6532 1177 1677 119 102
101 1135 1108 2385 6600 2365 1133 1120 1103 1322 1104 1103 3838 1103 6814 1108 6929 119 102
101 2563 1127 4241 1105 11500 118 1152 1155 3166 1106 1129 1541 2816 119 102
101 146 2810 146 1209 1202 1115 1254 1517 119 102
101 3969 1128 170 13656 3276 102
101 3036 102
101 8790 8125 117 102
101 1135 112 188 1541 3505 1115 1128 1132 4107 1143 1164 1122 119 102
101 2870 1110 1541 2712 1105 1128 4835 1122 10228 1193 119 102
101 146 5996 1115 1128 1169 1838 1240 3868 1121 7760 119 102
101 1135 112 188 1762 1104 2870 1105 1128 1209 3858 1917 1164 1250 117 1972 1105 1234 1121 1303 119 102
101 4081 1992 1331 1107 2870 1110 1304 1861 1106 1296 1168 119 102
101 1409 1128 1328 1106 10482 1128 1169 1145 1301 1106 5000 1137 2343 119 102
101 2431 1175 1128 1169 2283 1541 3505 1234 1105 2037 1114 1172 119 102
101 1252 1519 112 188 2037 1164 1250 1175 119 102
101 1284 8856 1912 1105 1662 1684 1234 119 102
101 1252 1128 1169 1136 5363 1115 1152 1132 1280 1106 2653 1128 170 1974 1104 1948 119 102
101 24442 1110 2785 1822 119 102
101 1252 1175 1110 170 2640 1115 1128 1169 2283 12839 1234 119 102
101 5055 1920 102
101 152 1742 102
101 8790 7195 1183 119 102
101 146 1821 1280 1106 1587 1128 1164 1143 119 102
101 1422 1271 1110 138 12909 11681 13629 146 1108 1255 1107 1729 1113 5247 1364 119 102
101 146 1821 5147 1201 1385 119 102
101 4254 1214 146 5719 1139 5147 1710 1105 146 3097 1122 1304 1277 117 113 146 1328 1106 8294 1122 1254 114 102
101 1188 1214 1110 1139 16704 5913 1105 146 1821 1280 1106 8294 1107 1139 1313 117 1114 1139 100 1105 1161 1199 2053 119 102
101 146 1567 1106 1202 1242 1614 1176 5575 117 1280 5923 1114 1139 2053 117 1280 1106 1103 4640 117 7678 117 6001 2057 117 1919 1105 146 1567 1103 4633 1304 1277 1176 1103 5743 117 1294 1146 117 8483 1105 3459 119 102
101 1188 2247 1108 1103 1436 146 1355 1106 16408 4313 3848 2393 1777 1114 1139 1436 2053 1147 1271 1132 131 22836 117 138 12909 11681 117 12107 2599 9945 1105 1161 13174 7171 119 102
101 146 1138 170 1632 1159 1114 1172 119 102
101 146 1145 1355 1106 100 1114 1139 1266 1105 1155 1103 1552 119 102
101 146 1355 1106 1103 4640 117 1195 3097 119 102
101 146 1176 1483 1272 1122 1110 1304 1696 1106 1221 1168 2495 12377 22584 1106 10621 1114 1168 1234 1105 178 1197 146 1301 1106 1330 1583 1122 1110 1304 1107 4342 1389 1106 1221 1483 119 102
101 146 1341 1115 1122 1122 1304 5426 1105 146 1176 1122 102
101 12956 8228 1910 117 102
101 8667 117 1293 1132 1128 136 102
101 146 2810 1128 1132 2503 1165 1128 2373 1142 2998 119 102
101 146 1821 1304 1218 1105 1917 1110 1155 1268 119 102
101 2119 117 146 3593 1106 1587 1164 1139 1314 2247 119 102
101 146 1125 170 1541 3505 2541 1684 1107 170 7678 119 146 1156 1136 1138 1694 1122 4895 1139 1910 6423 1150 6182 1143 119 102
101 1109 2546 1110 1541 5426 1105 2375 1143 1155 1103 1159 1105 1103 5793 1127 6892 1155 1159 119 102
101 146 22215 7424 1104 1614 1216 1112 6705 1114 1948 1105 10068 1105 2824 5558 10297 119 102
101 1284 1400 1250 1120 1300 1107 1103 4427 1105 1122 1110 1304 22187 119 146 1125 170 1285 1228 1115 146 2097 1159 1120 1313 1137 1280 1106 1103 10759 117 1187 146 1899 5871 27035 3263 3713 119 102
101 1188 2247 1108 1541 1632 119 102
101 146 18029 1128 1106 2222 1142 1912 1104 2261 1107 1692 1128 1328 1106 7379 3908 1948 1105 1145 2283 1207 1234 119 102
101 24270 1104 8514 1105 8363 1116 117 4268 3593 1770 102
101 2185 102
101 144 22080 102
101 1130 1142 10400 146 1156 1176 1106 13426 1293 170 2043 2079 1104 1470 3936 1169 1494 1234 1106 3277 170 2113 1104 1948 1105 170 1974 1104 6600 2365 2005 5342 1107 1103 3404 17462 119 102
101 22240 1112 10565 1221 1103 2616 1104 1103 4251 1110 4138 1167 1105 1167 117 5321 1106 1343 1103 4550 1115 1319 170 1610 1209 2498 117 1122 1245 2411 2330 1115 1122 1110 17780 1301 1213 1118 1470 3936 119 102
101 2009 1173 1175 1253 1129 1177 1242 1234 1150 9353 1106 2797 1147 1319 1610 1939 1104 1946 20542 1113 1103 2669 1137 1113 1103 7159 3455 1147 5095 1520 1113 1147 1236 1106 1250 136 102
101 146 1156 1474 1115 1142 1110 1272 1103 1470 3936 1132 1136 1177 7856 1112 1103 1431 1202 119 102
101 1130 1139 1411 1111 1859 117 146 1138 1151 16602 1111 1146 1106 5808 1904 1196 146 1180 1321 170 3592 119 102
101 146 5473 2059 1115 1122 1110 170 10499 1272 170 1974 1104 1234 1176 1143 1156 1686 1147 4011 1120 1313 1105 1321 170 2669 1939 119 102
101 25527 117 1103 3750 1156 4607 1157 1352 5750 117 1112 1677 1112 146 1169 1267 1103 11738 2416 1118 1103 3404 1110 10677 1158 12449 1105 1543 1103 1586 7320 1105 2302 117 1103 1269 1110 1112 1677 1112 5671 1104 1159 1110 4264 117 5544 1103 8307 3079 1132 1213 1103 21104 1128 1169 1243 1187 1128 1328 119 102
101 1130 6593 146 1156 1541 1176 1115 8673 1150 1920 1164 1470 3936 1209 4607 1103 1826 1177 1115 1167 1234 1180 1817 1147 4011 1120 1313 1105 1815 1213 1277 1167 3253 119 102
101 1109 2463 1110 1115 1191 2490 6191 1115 6934 1118 1610 1110 14785 117 7284 2490 1209 1301 7244 1118 1610 117 1105 1103 4744 1209 1561 100 119 102
101 1192 1267 1299 117 146 1202 1136 1176 11090 4744 117 170 183 1181 9353 1162 1106 3201 1118 14172 119 102
101 1135 1110 10928 1105 8468 1186 25113 119 102
101 146 1505 3163 1113 14464 1290 146 1821 1376 119 102
101 146 1145 1176 1106 1505 3866 117 1315 119 102
101 146 1169 1505 3163 1105 3866 1176 1185 4911 119 102
101 146 1932 1505 3866 1114 170 1372 1104 1139 2053 119 102
101 146 1505 1114 1172 1113 1103 18514 119 102
101 146 1169 1136 3077 1103 1297 1443 2865 119 102
101 1130 1103 2052 2808 119 102
101 1109 1211 1234 1132 9169 1118 1147 1610 117 1272 1103 1470 3936 1108 1136 14785 1111 1234 1106 1329 119 102
101 2389 117 1107 1864 1103 4508 1132 1167 1992 117 1177 1115 1103 3936 1125 1136 1502 1106 5456 119 102
101 1109 1704 3936 26674 1169 3233 1210 3001 119 102
101 1212 1103 4508 117 1103 5786 1105 4083 1110 1103 1301 1194 1103 1211 1331 4744 119 102
101 1130 1103 2343 117 1511 1103 2438 1105 4104 2058 119 102
101 1130 1103 3901 117 1511 15478 7306 1105 3871 2058 119 102
101 1109 3936 2058 1105 2670 1718 1144 170 1601 2398 117 1105 12750 1104 1657 1132 1167 1696 119 102
101 1109 1718 1104 1103 5786 1105 4083 1132 3123 1106 23609 20275 117 1133 100 1104 2343 4342 1105 3871 1538 1114 14255 4915 19058 3879 119 102
101 1332 18831 1104 1103 4190 1105 1657 3693 1132 8587 117 1103 1470 3936 100 1132 14785 1111 1234 1106 1329 119 102
101 146 1821 1280 1106 3593 1164 1293 1686 1110 1280 1106 1849 1107 1103 1397 1851 1201 119 102
101 1115 1451 1285 1110 170 1472 1285 1191 1195 14133 1114 1103 1141 1144 2085 119 102
101 1789 1201 2403 1195 1225 1136 1329 1103 2815 1106 1243 1107 2828 1114 2053 1105 1266 1133 20148 1122 112 188 1103 1211 1696 1645 1111 102
101 1199 1234 1150 1152 1169 1136 1686 1443 1122 119 102
101 146 1821 3522 1164 1103 5093 1293 1122 2014 1412 1297 119 102
101 1135 112 188 2999 102
101 1115 1107 1103 1397 1851 1201 1122 1110 1280 1106 1849 119 102
101 1135 1209 1129 1167 13300 1107 1704 1105 1122 1209 1660 1366 170 1974 1104 1363 1614 1133 2654 1199 2213 1614 1315 119 102
101 1706 7584 1146 117 1780 1195 1202 1136 1328 1115 1412 1297 2014 1122 1110 2999 1115 1122 1209 1138 1472 2607 119 102
101 1135 1110 3238 1111 1412 2491 1106 1138 1137 1106 1631 1115 1195 1132 2033 1618 119 102
101 1422 9122 4799 1110 10924 1272 1122 1110 1103 1178 1342 1111 1412 1713 119 102
101 1135 1145 6618 1366 1107 2527 119 102
101 146 5340 1115 1122 112 188 1136 2952 6730 1133 170 4910 1141 119 102
101 1247 1132 1242 2952 11536 1176 5947 1133 1271 1251 1342 2589 10924 1115 2228 1412 1713 4295 119 102
101 146 1176 1242 1168 1638 1133 1103 1436 1141 1110 1142 119 102
101 146 1821 1136 2157 1115 1195 1431 1579 1505 10924 1112 2952 2619 1132 1145 1696 119 102
101 1109 2255 1725 146 1156 19961 1800 1142 4799 1110 1115 1103 1482 1150 1132 1136 3888 1107 1175 2527 1137 1156 1136 1129 1682 1106 2025 119 102
101 1130 1115 1692 10924 1156 1494 1140 119 1135 1156 1294 2027 1713 4295 1105 1119 1156 1136 1243 16989 1118 1103 11342 119 102
101 5328 6312 1110 1141 1104 1103 1211 2463 1107 1412 1298 119 102
101 1109 1469 6312 1561 2846 1105 5865 119 102
101 1177 1103 1433 1538 1321 1126 2168 1106 1294 1122 3123 119 102
101 2710 2394 1145 1538 18584 1234 1103 4495 1104 5328 5179 1105 1293 1152 8333 1122 119 102
101 1109 2384 1538 3277 1103 15117 1105 4888 1106 10820 1103 2463 119 102
101 1152 1538 1525 170 5072 1106 1142 2846 2463 119 102
101 1220 1538 4731 4744 119 102
101 2563 1145 1138 1126 1696 1648 1106 9474 1142 2463 119 102
101 1220 1431 4837 1103 2308 1118 1606 3592 1939 1104 1606 1147 1319 3079 119 102
101 1220 1145 1169 2647 1137 4176 170 5120 119 102
101 2384 1538 4731 1103 1470 6312 1105 1294 1122 2914 119 102
101 1284 1169 9474 1142 2463 1191 1195 1328 1115 119 102
101 146 1138 1354 1115 2269 1126 3342 1113 1139 9122 4799 1156 1129 5426 1111 1103 8460 117 1807 1155 117 1105 1543 1185 5408 1113 1103 4799 1128 1138 3468 117 1122 1110 13739 100 1199 4799 117 3451 1128 4835 117 1216 1112 9754 117 1115 1110 1139 9122 4799 119 102
101 1422 2727 1104 5566 1106 1321 1146 170 22510 117 1107 1142 1692 170 2952 22510 117 1134 1110 5426 1111 1240 2332 119 102
101 146 1897 5548 9754 117 2296 1103 6795 1179 1104 1103 1390 1822 2692 1105 1822 2692 117 1142 3114 1143 1344 2308 1296 1159 146 1355 9754 119 102
101 1409 1128 1328 1106 1838 100 1199 4799 117 1148 1104 1155 1341 1164 1293 1277 1159 1128 1132 4988 1106 4511 1113 1122 117 1173 2222 1517 1105 1191 1128 1132 1515 170 1363 1159 1301 3075 1105 1202 1103 1211 1104 1240 1159 8965 4799 117 12341 117 1129 5784 1105 1301 2494 1272 1128 1547 1129 4475 119 102
101 1103 1167 4799 1128 185 19366 22280 1103 1618 1128 1631 117 5750 117 1240 6601 1156 1136 1129 2221 4169 1105 1240 1404 1209 1129 4240 1105 10144 119 102
101 1752 1104 1155 117 1139 4893 1110 1115 1175 1110 170 2174 1111 1103 1470 3936 2344 119 102
101 1409 1195 1321 170 1440 1113 1103 4614 1470 3936 1449 117 1107 1103 6706 3038 1593 1155 1234 1301 1106 1250 1118 1470 3936 119 102
101 1109 4316 1152 1243 1110 1103 1378 131 1220 1274 1204 112 189 1138 1106 1440 1111 5030 12435 117 1152 1169 1817 1103 3592 1137 1103 2669 1105 170 1374 1904 1170 1152 1169 3295 1106 1250 119 102
101 1636 1234 1145 1494 1106 3244 1103 3750 1118 7740 1412 2379 3979 1176 19847 119 102
101 1706 100 117 1107 6706 3038 1176 17666 1137 16142 1175 1132 1185 14351 1115 1103 1470 3936 1449 1156 1129 1750 14785 1190 9169 1118 1610 119 102
101 1109 1965 1293 1106 1294 1103 3697 1111 1103 3085 1169 1129 15530 1107 1565 4776 3343 119 102
101 1752 117 1103 3085 3697 1431 1129 4615 2913 1293 1106 1902 1529 3582 5922 117 8262 1105 2699 2492 119 102
101 1599 117 1152 1132 3155 1106 7034 170 10458 2433 23639 8265 3681 119 102
101 10608 117 1103 8675 1104 3085 3697 1132 5757 1113 1103 2720 7463 119 102
101 1109 3697 1138 1957 5088 1114 5922 1113 1241 3091 117 1134 2120 4351 2776 119 102
101 1109 1211 1696 2585 1110 25151 1103 3697 1134 1132 1363 3068 8675 1105 1134 1132 2213 8675 119 102
101 1409 1103 8675 1132 2213 117 1343 8675 1132 1173 3072 1194 4968 119 102
101 7331 1110 1304 1696 1226 1104 170 8071 9897 119 102
101 1135 7634 1412 1404 2012 119 102
101 3570 1195 1138 170 1974 1104 1472 2865 117 1177 1195 1169 4835 1380 1115 1541 17976 9655 119 102
101 146 5548 1919 119 102
101 1135 1110 170 1912 1104 1645 1115 10565 1169 1202 1105 1122 3154 1155 2192 1104 1139 1404 119 102
101 146 6290 1631 1991 5992 1170 1451 1159 146 1576 119 102
101 1247 1110 1185 4095 1115 3404 9807 1106 11738 119 102
101 1109 1470 3936 3272 170 1936 5072 1111 1103 2463 117 1272 1277 1234 1169 9470 1107 1141 3686 119 102
101 1109 1433 1144 170 4812 1106 8343 1103 1470 1106 1329 8049 1105 1103 5433 1167 119 102
101 1438 117 1175 1132 170 1295 1104 2607 1115 1444 1106 1129 1737 119 102
101 22240 117 1470 3936 1431 1129 1189 1714 119 102
101 1109 1433 1431 4693 7538 1111 2653 1111 1103 1555 119 102
101 16644 1132 2412 1167 5865 119 102
101 1752 117 146 1341 1103 1470 3936 1110 1167 5865 119 102
101 1262 1191 1195 14133 1103 1948 1128 4511 1114 1103 1610 1105 1103 2971 1115 1128 4511 1114 1103 1470 3936 117 1122 1110 1750 119 102
101 25527 117 1191 1128 1329 1103 1610 117 1128 3983 112 189 3074 1277 1159 189 1182 3963 1103 3592 1137 1103 2669 117 1105 2654 1128 1169 6657 1224 1120 1240 2261 117 1111 1142 2820 119 102
101 146 2059 1115 1329 1240 1610 1144 170 1974 1104 13300 1137 6245 117 1122 1110 1167 3254 14794 8637 1105 1750 5865 119 102
101 1314 2247 178 1589 1120 7678 119 178 1341 1122 1110 170 1304 1363 2261 1272 1128 1169 1267 1251 2441 1128 1176 1111 1714 119 102
101 1109 19485 1104 1142 1250 1110 1304 1992 10326 1105 178 1341 1115 178 1209 1250 1120 1142 7678 1113 1103 1397 2247 119 102
101 1422 9122 4799 1110 1833 20631 119 102
101 146 1202 20631 1106 4256 27475 119 102
101 25035 5017 1116 5576 9301 9534 1404 1105 1713 119 102
101 146 1202 20631 1120 1655 1141 2396 1451 1285 119 102
101 1622 6356 1106 5286 146 1202 1122 1120 1313 117 1120 14464 146 4739 20631 3553 119 102
101 25035 1110 170 1304 14785 4799 119 102
101 1284 1169 1202 1122 1120 1251 1159 1112 1195 1176 119 102
101 1252 1191 1128 1132 3295 2511 117 1122 112 188 1618 1111 1128 1106 4739 2366 20631 3553 119 102
101 1192 1169 3858 5663 3799 10374 1107 3553 119 102
101 1258 1833 1122 7864 5834 117 1128 1169 1202 1122 1120 1313 1137 1251 1282 119 102
101 2563 112 188 2491 1209 1849 12235 1107 1103 1397 1851 1201 117 22897 1105 5537 1138 7601 1290 1103 2150 1104 1769 1607 119 102
101 1130 2793 4397 117 1649 117 9093 1138 1151 2521 27983 117 2268 1144 1151 1682 1106 1107 14850 6555 117 1134 1152 1138 1151 1508 1106 1250 27834 1110 170 1632 1494 1106 18442 117 1272 1122 5409 6986 1103 2530 1104 1690 1105 1714 1116 1234 1532 1662 1250 119 102
101 1109 1871 1110 1277 1750 1250 1105 170 1618 1297 119 102
101 1109 22611 117 1649 117 1110 1115 1272 1104 1103 6555 1242 1234 1138 1575 1147 5448 102
101 12956 8125 102
101 146 2373 1240 2998 117 146 1156 1176 1106 1221 1199 4068 1164 1184 2844 1202 1128 1328 1106 3143 119 102
101 146 19961 1128 1106 3143 27328 22714 2180 1122 1144 1125 1126 6548 1555 1114 2880 1234 1290 1421 1201 2403 119 102
101 17940 1164 1240 1207 2261 117 146 1108 6205 1199 191 16604 9885 1649 1122 2320 170 2261 1111 1554 118 1159 117 1177 146 1821 1280 1106 2760 6205 1199 5448 1104 1226 118 1159 119 102
101 3969 1128 1165 1128 6657 1120 2470 1392 102
101 1967 9261 1183 102
101 158 16753 102
101 1135 112 188 1618 1329 1470 3936 1137 2029 3936 136 102
101 2119 117 174 27427 1116 1474 1115 1243 1213 1606 3936 1470 1110 1167 16250 1111 1103 3750 1190 1606 1103 1610 1137 5968 5567 2391 119 102
101 1130 2793 1201 1103 2849 1104 1234 1150 1329 1470 3936 1144 2569 170 1974 117 1107 7577 1114 1995 1201 2403 119 102
101 1252 2140 1674 1122 1144 170 2174 136 102
101 1135 112 188 1167 6062 117 4946 1105 9353 1895 1190 1138 1106 1576 1106 1321 1103 3592 117 3074 1103 2669 117 3576 119 102
101 2189 7981 1132 117 1111 1859 117 1191 1128 3201 1118 1610 117 1128 1169 2493 1103 1610 1107 1524 1104 1103 1282 1187 1128 1328 1106 1301 119 102
101 2907 1122 1144 1106 1474 1115 2654 1107 1103 2174 117 2815 1209 2561 170 1610 1115 1674 1136 9590 6140 1103 1586 117 1105 1173 117 1329 1470 3936 1156 1136 1129 3238 119 102
101 8147 178 1341 1122 112 188 4195 1110 2385 1268 1272 1451 1825 1138 1610 1208 170 1552 119 102
101 3936 1132 1132 1696 1133 1610 1110 1167 10682 1111 2073 1152 1355 1487 1443 2613 1111 3936 119 102
101 1167 13156 1114 170 1974 4106 1114 1266 119 102
101 146 1686 1107 170 1331 1417 10215 19776 1403 1122 1110 1107 5572 119 102
101 1109 5572 2384 2111 1674 1136 3166 1106 1660 170 4477 1164 1147 1583 112 188 4044 14951 117 1105 1103 7888 1315 119 102
101 1122 2416 1412 2186 1199 1992 2645 1216 1112 3653 117 17178 4773 117 7870 117 3576 119 102
101 178 1991 117 1118 3195 1103 2186 2709 1114 14946 117 1579 3093 1106 1129 20524 1118 1103 24218 1105 1103 17178 1440 1121 1103 14946 119 102
101 1262 1107 10215 19776 1403 117 1103 1586 1110 9590 18527 1118 23603 15163 1105 1103 1168 3881 119 102
101 1262 1145 117 1170 1103 2186 117 1103 1812 1107 1103 1331 1110 1145 21636 1118 1103 14946 119 102
101 14946 7244 119 102
101 1103 3879 1104 1139 1583 1110 1541 3607 117 146 3319 119 102
101 1262 1103 2971 1104 1103 1331 112 188 4605 1674 1136 1801 1103 2971 1104 1103 1416 1105 11738 1107 1115 1331 119 102
101 1247 1132 170 1974 1104 1344 118 3606 1459 1105 1122 5250 14638 1116 7870 1373 1103 1344 118 3606 1459 112 188 2237 119 102
101 146 4608 1191 1103 7888 1107 1139 1583 1105 1411 1180 1294 170 1618 3750 1298 1118 6558 14946 1113 1157 1282 1105 2222 1606 1126 174 2528 118 4931 6312 119 102
101 1262 1103 1433 117 185 3447 1202 1136 1129 1177 22593 27403 1114 1240 1319 7888 119 102
101 4208 117 1129 9382 119 102
101 146 1341 1122 112 188 3008 1272 1103 3007 1104 1128 1833 1115 1110 1106 2669 1103 7888 1106 1129 1167 2784 1111 1184 1152 1225 119 1105 117 146 1341 1122 112 188 1536 1121 1143 119 102
101 146 6699 117 1103 1433 1145 1138 2376 1142 2820 1315 119 102
101 1252 1152 1225 1136 1202 1115 1277 1170 3650 1142 3062 119 102
101 146 2810 8644 1433 1321 1126 2168 1164 1142 2820 1272 1191 1122 3430 1173 5572 1156 1129 1103 1211 4906 1389 1583 1166 1103 1168 2182 119 102
101 12884 2373 1103 3805 117 2387 117 1105 2411 1508 1113 1123 4920 119 102
101 1153 1350 1176 2816 1105 1131 1108 1702 1977 1106 4416 1103 1705 1106 1587 1123 1910 1184 1125 2171 119 102
101 1258 1103 1705 12884 1688 1123 2053 119 102
101 1153 1108 1304 15496 1105 3344 1172 1115 4593 117 1103 2298 1150 1131 1108 4984 1107 1567 117 1125 1637 170 2998 1111 1123 119 102
101 1599 1103 2053 1180 1136 1286 1106 2653 2209 1107 1103 12884 112 188 1734 119 102
101 1153 14715 13098 1103 2998 1114 170 1974 1104 7615 1272 1122 1108 10238 1115 4593 1108 3888 1107 12884 1315 119 102
101 1799 1155 2636 1108 1767 1158 1106 12884 117 4593 1691 1112 170 1301 2737 119 102
101 1109 2298 1464 1304 10529 117 3335 1119 2446 1113 1117 3242 1105 1119 1225 1136 1474 1720 1106 1123 119 102
101 12884 1579 1194 131 107 1409 146 1156 1136 1138 1500 1142 1642 1106 1139 2053 146 1125 2085 1155 3440 1114 4593 107 102
101 2409 1107 1168 1614 1103 7352 2773 117 1121 1103 2393 27439 1116 1106 3459 1105 1313 5508 117 3245 117 1447 117 100 119 119 1599 1103 1234 1209 4835 1103 1470 3936 1107 1103 2174 119 102
101 1422 22187 3246 102
101 14899 1144 1151 1579 1139 9122 4799 119 102
101 146 1215 1106 1301 1106 1103 5947 4528 1165 146 1108 1107 1103 1278 1106 3858 1105 1122 1245 1107 1139 9122 3246 1165 146 1108 1541 4871 119 102
101 146 1108 1114 1139 2104 1105 1139 2053 1105 146 2097 170 7310 1721 119 102
101 25883 117 146 1932 1301 5947 3059 170 1989 1105 146 1541 5548 5947 1272 146 1169 11824 1149 1105 19959 10934 5822 1139 1713 119 102
101 9841 117 1122 1110 1163 1106 1129 8071 1107 1546 1106 4607 2645 1107 1103 1171 1177 1115 1280 5947 1110 1541 16250 1111 1143 119 102
101 1130 2793 1552 146 1276 1149 170 176 3556 16609 1106 5113 1106 1390 1229 146 1821 5947 1105 1122 1110 100 1272 146 1145 1567 5578 1106 1390 119 102
101 1706 13803 10533 1468 1107 1142 4799 146 1156 18029 1115 170 11277 12209 5947 7513 1272 1122 1110 1304 1696 1106 2653 2209 1106 1103 1700 1104 1103 1739 119 102
101 7282 117 1122 1110 3238 1106 4330 7537 119 102
101 14899 1110 1141 1104 1103 1436 4799 1106 185 19366 22280 1122 1110 1496 1106 4752 1155 2192 1104 1103 1404 119 102
101 1370 1142 2255 117 1122 1110 170 3264 3246 1106 1202 4799 1105 5548 119 102
101 1247 1132 7424 1104 2645 1107 1412 1297 119 102
101 1370 1859 131 5371 119 102
101 1247 1132 7424 1104 7553 1104 8373 1112 8049 117 3079 117 21925 1116 117 20223 1137 27629 7231 1116 119 102
101 1318 1129 1152 1132 6062 117 21359 2047 15114 117 10400 117 10552 2895 2285 1137 170 1964 20240 119 102
101 1409 1128 1132 1523 117 1128 1169 1329 14790 1272 1122 1110 4946 117 15033 1105 22572 17059 1200 119 102
101 16644 1105 8049 1561 10552 2895 2285 1105 1294 21710 1107 1103 2472 119 102
101 1422 2458 1104 5497 15640 119 102
101 2009 1674 1412 3575 1341 1164 2094 1451 1285 136 102
101 2009 1138 1128 18243 1107 1451 1423 1313 136 102
101 2009 119 119 119 119 119 136 102
101 4081 1285 1234 2422 1164 4489 2094 117 2698 2094 117 4105 2094 1105 1242 1472 3322 1104 2094 117 1725 136 102
101 2372 1128 2422 1115 6438 5497 1110 1240 2213 15640 136 102
101 1731 1510 1202 1128 1501 1240 18243 136 102
101 1731 1242 1551 1132 1128 1280 1106 4130 1111 1199 23029 1116 136 102
101 1327 2171 1114 1366 119 119 119 119 119 102
101 146 3801 1115 1139 5153 1108 1304 2385 117 2816 1213 4014 1120 6907 112 188 1402 119 102
101 8762 117 146 1500 1128 1115 146 1108 1176 170 1376 2113 2174 1873 1150 1144 4014 4857 1114 1160 3849 131 13128 1105 7696 2239 119 102
101 1573 1195 1169 1408 1121 2150 131 22240 117 1108 6462 1134 1529 1199 24759 1116 1114 2633 6831 119 102
101 25527 117 1108 5953 1120 1278 1176 14327 1105 1199 5735 119 102
101 1258 146 1108 1107 1313 1113 4014 1159 1105 1199 20392 119 102
101 7426 1128 1267 1293 3123 1105 2366 1297 146 1138 1400 119 102
101 1422 107 2029 13171 107 1529 4489 3940 1176 19359 117 3489 117 5735 1105 11872 118 1242 6665 8071 2094 119 102
101 1986 117 146 1821 1743 1214 1385 1590 1150 1674 1136 1144 1159 1111 5156 4014 1272 146 1821 170 1304 5116 119 102
101 3570 117 146 5314 1146 1120 5004 119 3135 1161 119 182 1105 3963 1146 1199 1104 1912 8162 1114 17462 117 8898 170 3538 1133 1167 1190 1510 1198 1144 1159 1111 1544 15761 1105 2326 1106 1250 119 102
101 1507 170 1285 146 1138 5953 1134 1110 1121 1169 1137 1546 1199 22323 1183 2094 119 102
101 2611 117 146 1546 1321 1283 1121 1922 171 9435 2105 1137 1251 13473 119 102
101 1332 5138 1909 146 1138 170 2197 1111 1957 4014 1134 1110 1176 1313 1189 1133 1202 1136 1138 1159 1254 119 102
101 1327 2171 1114 1139 8071 1297 1134 146 1328 1106 1138 1165 146 1108 170 2027 136 102
101 2009 1917 1440 1176 1167 2846 1105 1662 1190 1127 1196 136 102
101 2777 1110 1412 1714 1159 1105 1184 1132 1128 1833 1114 1240 9897 136 102
101 5157 1201 2799 1143 1115 146 1169 1202 1917 1111 1991 1191 1122 1110 1536 1111 1143 119 119 119 119 102
101 12884 2373 1103 3805 117 2387 117 1105 2411 1508 1113 1123 4920 119 102
101 1153 1355 1106 1103 1466 2669 1105 1243 170 7260 1106 1498 119 102
101 1131 3523 1175 1105 2373 1254 1103 3805 1103 4134 1108 1485 1106 1103 1992 26181 119 102
101 1332 1103 2669 1338 1131 2387 1105 2947 1146 1105 3465 119 102
101 1153 1454 1123 5871 2386 1105 1486 1140 107 1119 1108 175 4064 1979 1143 107 1131 1354 107 1218 117 146 1431 2367 1140 1184 1132 1119 1833 1303 107 102
101 107 1327 1132 1128 1833 1303 107 2367 12884 1119 2736 1123 1133 1114 170 2213 2003 117 1105 1885 1117 1246 102
101 1752 1104 1155 117 4416 1344 1278 1110 170 2789 27487 1104 1297 1115 5057 1103 13803 10430 1104 170 1207 6073 1111 1103 1651 119 102
101 1967 1142 1721 1152 1209 1138 18462 1105 4812 119 102
101 6589 117 1242 1104 1172 1132 1136 2407 1111 1142 119 102
101 1573 117 170 1974 1104 2153 1105 1651 1138 1103 3767 1106 3201 1111 170 1214 119 102
101 1332 1128 1132 9169 1213 1103 1362 1118 3739 117 1128 1281 170 3821 2553 1104 3044 117 2754 117 19959 24941 1116 1105 117 1114 1155 1104 1142 117 1128 1281 2357 100 119 102
101 5875 117 1292 1110 1682 1106 1849 170 1825 117 1543 1115 1131 1137 1119 1138 170 1207 11170 1104 1103 1362 119 102
101 1438 117 1199 1651 1202 1136 1138 1142 3767 1106 3201 117 1152 1838 1106 1250 119 102
101 1109 2261 117 2790 117 1112 1218 1103 3868 117 4812 1105 100 119 102
101 1135 2607 1107 170 1472 1236 1103 1825 1315 119 102
101 1109 8421 1132 1136 1363 1112 1103 3672 117 1111 5374 117 1152 1336 1138 1103 1578 3073 9380 12892 117 1137 1152 4511 1177 1242 1201 9169 1115 1152 1132 1385 1106 2025 1107 170 8362 11528 1785 119 102
101 21637 1115 117 1152 1138 1472 1116 1827 1104 2458 1107 1242 4841 18465 1116 117 1115 1110 1725 1152 1336 1274 112 1176 1103 4106 1105 1103 3771 1107 1103 1934 1297 1114 1103 1168 1651 119 102
101 1220 1169 1136 4927 1142 6073 1114 20796 2118 1105 4489 3578 119 102
101 4428 117 1106 1294 170 2383 1106 1136 1301 1107 170 2755 1165 1128 3146 1103 1344 1278 117 1110 1136 1103 174 17506 2556 2168 1106 1294 119 102
101 1135 1110 170 1632 1260 1181 16073 117 1115 2498 1632 8421 1105 1632 4252 3365 15672 119 102
101 6853 1132 1103 3026 117 1152 1209 1138 1103 4551 1107 1147 1297 1116 5221 119 102
101 4108 5784 1105 3026 1122 1218 119 102
101 2710 3936 1110 1103 25776 1104 170 1331 119 102
101 12378 1234 1329 1470 3936 1106 3201 1213 1103 1331 119 102
101 1409 1107 170 1331 1234 1132 1606 1167 1470 3936 1190 1147 1319 2029 3686 1173 1122 1209 1494 1106 3244 3750 1105 3404 1112 1218 119 102
101 1252 1208 170 1552 11707 2557 1132 1167 3378 1113 1103 8313 1104 1103 3079 1177 1115 1103 1169 1129 1167 3750 4931 1105 3404 4931 119 102
101 7549 1104 1470 3936 1209 1129 4929 1113 1103 3142 1104 19024 1104 1103 2029 3686 119 102
101 25205 1234 1243 16921 1272 1104 1103 3515 1105 1103 100 2416 1118 1199 1234 1229 1606 1470 3936 119 102
101 1252 1514 4517 1209 1129 2815 119 102
101 3529 1110 1217 1167 3682 119 102
101 138 1610 1110 1217 1189 1177 142 2528 4931 1105 4795 4931 1115 1122 1110 1167 102
101 2408 1234 1163 1115 1120 1278 1155 1103 1651 1138 1106 1838 170 4799 1105 6539 1115 1141 4857 119 102
101 2181 1136 170 1363 1911 1272 1199 1651 1138 1106 2025 1155 1103 4427 1111 1168 5174 1105 1103 1714 1159 1110 1304 14884 1204 119 102
101 10419 1116 1126 1859 1191 170 2377 1444 1106 100 170 2548 1137 1138 1106 1321 170 1363 4551 117 1152 1169 1136 1301 1106 1202 170 4799 1272 1175 1110 1185 1159 119 102
101 1130 5014 1202 170 4799 1110 1304 1696 1272 1195 1169 1294 1207 2053 1137 1195 1169 1838 1106 1321 4812 1133 1103 1211 1696 1645 1110 1115 1195 1132 1579 2327 174 1412 1404 1169 1243 1363 2686 119 102
101 1706 7584 1146 117 1202 2865 1110 1304 1696 1111 13663 1106 1134 1103 1404 1110 1280 1106 4328 1105 1202 1122 4857 1110 8268 1115 1195 1431 1321 119 1107 1139 4893 117 1649 117 1202 170 4799 11839 1110 1136 4339 1272 1195 1538 1202 170 4799 1114 12430 1136 11352 1137 1111 16207 102
101 12956 2203 117 102
101 146 1821 2269 1107 7328 1106 1103 2824 11671 100 117 1861 1106 100 1133 1114 1472 9849 119 102
101 146 1138 1562 1122 170 2337 1104 1552 2403 1105 146 1108 1280 1106 4417 1122 117 1133 1122 1144 4712 1121 1240 102
101 2982 2190 113 146 6699 1122 1144 1151 25403 114 119 102
101 1438 117 146 4608 1191 1128 2504 1587 1143 1165 1122 102
101 1156 1129 1907 1254 119 102
101 4514 1107 5566 1111 1240 1869 119 102
101 25901 12969 1193 102
101 1130 1139 4893 117 1152 1132 1136 1139 1910 119 1409 1240 2153 1132 1240 2053 117 1128 1156 1686 1107 12659 1114 1172 119 102
101 1220 1209 4615 1128 1112 170 100 1234 119 102
101 100 117 1192 1321 100 1111 1184 1128 1694 119 102
101 1438 117 1152 1132 1136 1139 2053 119 102
101 1247 1132 1199 3672 117 1152 1132 1136 117 1132 1112 3226 119 102
101 1752 1104 1155 117 146 1294 1139 1451 3098 1106 1202 1139 2261 1618 117 1649 117 1152 1178 4615 1115 146 5671 1139 1159 1833 2488 1645 119 102
101 5893 117 1152 1202 1136 2059 1139 11137 1110 1363 119 102
101 146 1202 1917 1133 1720 119 102
101 4428 117 1152 5733 1202 1136 5113 1106 1184 1139 1553 1110 119 102
101 1220 1579 1440 1120 1143 1176 170 5102 1309 4328 1146 119 102
101 1135 1110 9944 1115 1139 2153 1202 1136 2059 2912 119 102
101 146 1821 100 1114 10283 117 1690 1114 1172 119 102
101 146 1169 1136 21073 1147 8188 1105 22648 4169 119 102
101 146 9353 6218 2041 1106 1690 1114 1172 119 102
101 2563 1510 6265 1191 1794 10761 1110 5616 1111 1103 1972 119 102
101 1130 1139 4893 1106 2824 1794 1110 2140 14739 1111 3776 1207 1614 119 102
101 1247 1110 1141 6171 1115 2196 117 1115 1103 1794 14710 1366 119 102
101 1109 1514 2255 1111 1142 1110 117 1115 1103 1794 1110 3679 1366 117 1272 1122 1110 1126 1696 5143 1107 1412 2491 119 102
101 1188 3817 2196 1115 1103 1794 1110 5837 5822 6660 119 102
101 1706 7584 1146 117 1794 10761 1110 1136 1198 15021 1120 1155 132 1135 5397 1110 1145 5048 23315 1916 119 102
101 2408 1234 6982 1164 1103 1329 1104 1794 119 102
101 1789 1104 1172 2059 1115 1122 1169 1178 23490 1366 1229 1639 1202 2059 1115 1122 1169 1145 18584 119 102
101 1438 117 146 1341 1115 1794 1169 1202 1241 119 102
101 146 7023 1191 9994 3349 1106 1138 1199 4106 1119 1137 1131 1169 1198 4835 1103 1268 10185 1883 1137 2523 1216 1112 25795 117 1888 21102 1116 1137 6276 1794 2196 119 102
101 5459 1191 1126 2510 3349 1106 3858 1121 1794 119 102
101 1794 2790 7424 1104 12176 2648 1176 8739 117 1781 1920 1104 23463 117 1293 1106 3940 1112 1218 119 102
101 1370 1143 117 146 1202 9353 3958 2196 1115 1494 1234 1293 1106 2239 1114 2645 119 102
101 1709 1110 1103 1211 9122 4799 1107 1103 1291 119 102
101 3982 1771 1118 11249 8765 1107 1109 1993 1107 1346 4337 119 1109 7331 1108 2479 1304 2505 1290 1148 1291 1635 1108 1316 1107 11752 1235 1103 1675 119 102
101 146 1541 5548 2903 1105 1773 1709 1290 146 1108 170 5102 119 102
101 1247 1132 1317 3672 1104 1725 1234 1541 4927 5862 1177 182 13148 119 102
101 4302 1110 4088 1107 1142 1362 117 146 1138 1450 1292 1734 1121 1103 1779 1104 1139 2153 1105 1235 1208 1122 1110 1107 1139 1762 1115 1494 1143 1106 2239 1114 1142 1912 1104 1297 119 102
101 2583 1110 4787 1304 2698 1112 1103 1552 1113 1103 8729 1110 1280 117 1103 4235 1104 1297 10861 1231 24828 1114 1103 1362 1451 1825 1138 119 102
101 9913 1169 1587 1293 117 1165 117 1187 1105 1184 1209 3333 1107 1103 1397 1851 1201 1104 1412 1297 119 102
101 1135 9113 1113 1293 1128 2239 1114 1184 1128 1138 1120 1103 1675 1106 1129 4029 1111 1103 18394 2607 1107 1103 2174 119 102
101 1247 1132 170 1974 1104 5320 1115 1180 5958 6975 1113 1184 1128 1209 1129 1107 1103 1909 1851 1201 1104 1240 1297 119 102
101 1252 1103 1211 9301 1226 1111 1292 2607 1110 3739 119 102
101 14325 1144 1103 1268 1141 1111 170 1849 1133 1122 1431 1129 1111 1103 1618 1880 1105 1136 1111 1103 4146 119 102
101 1556 1103 19648 2898 26627 1104 7951 117 1236 1104 1690 1301 1194 1114 1122 119 102
101 138 8277 3242 1121 1196 117 4657 7951 1189 1122 3123 1105 3014 1208 117 1184 1950 1167 1180 1195 5363 1397 119 102
101 1109 3539 1425 1144 1151 170 1992 2463 1111 2696 2380 1272 1103 2371 7951 1105 7210 1125 2375 1167 1103 2696 185 19128 119 102
101 1109 1234 1640 1202 1136 4417 170 2891 117 2566 26477 1122 102
101 107 21902 23557 1110 9769 1103 1390 2380 107 1112 1122 1110 170 11574 1104 11409 119 102
101 1135 1110 170 10499 1115 170 1825 1110 1684 1219 1242 16297 1111 1170 1103 1234 1328 8965 1117 1250 1443 1515 1106 2653 117 1122 1110 6290 1106 8991 119 102
101 1135 1110 1176 1128 1902 170 2643 1105 1103 1234 1106 1321 1443 6573 119 102
101 1109 9500 1138 1106 16677 1105 1129 1682 1106 5195 185 19128 117 1208 1211 1147 2467 1132 1103 6460 1105 3539 3482 1176 28091 6120 119 102
101 146 1341 1115 1234 1431 1129 1167 2784 1105 4161 1103 1250 1104 1639 1177 1115 2808 23530 1116 1107 170 8071 1236 1105 1443 9802 119 102
101 3570 117 1242 1234 117 2114 1137 1934 5172 1132 23423 1114 1472 1105 2871 5402 1104 1412 7065 2754 132 1111 1859 117 1103 2742 1137 1103 1425 1111 1597 117 1103 1648 1104 1535 1107 1103 1266 117 1103 13239 117 1103 1972 1105 1207 3242 1104 1266 1105 1242 4718 119 102
101 1188 7281 1104 1297 1110 3768 1118 14255 4487 19418 5172 1105 1199 1234 1840 1106 1292 1234 1112 107 4174 107 117 1133 1122 1110 1296 1285 1167 1887 1105 1122 1519 170 21783 1105 7188 2808 119 102
101 1109 2754 1110 4787 1107 1142 1236 117 2654 1122 1169 1129 7310 1111 1103 1769 4438 119 102
101 21395 15969 13977 6076 102
101 5497 10671 1107 1139 1583 1541 1144 1849 3660 1107 1103 1314 1995 1201 119 102
101 1122 112 188 187 1110 1136 2330 3254 7136 2340 117 1133 146 1177 10306 1162 1122 9113 1113 22572 14429 1158 10671 1104 1297 1107 4297 1965 1104 1412 1177 9819 2340 119 102
101 1335 1148 1105 1696 1849 1110 1164 5497 4029 2094 1115 1110 1136 8071 1932 117 1157 2255 1930 1590 112 188 1297 188 23677 1115 1110 1280 1106 1992 1849 1107 1103 1236 1115 1152 1202 1136 1176 6218 1120 1313 1105 4511 1147 1159 1106 1543 2094 117 1208 1152 9353 1106 4417 4029 1363 119 102
101 1109 1168 2187 1110 1164 1412 10671 1106 5497 2094 1487 1114 1412 1266 1115 1127 170 8156 1107 9011 1297 1136 1198 1107 1412 2754 117 1133 1208 1272 1104 1662 1105 5116 1297 117 1195 1125 1106 3940 1412 7696 2426 1552 1104 170 1989 119 102
101 1986 117 1195 5042 1992 4014 1952 1115 1132 1554 1174 1114 1266 1484 119 102
101 1252 170 1363 1849 1104 1412 10671 1110 2209 1106 1169 2879 1183 2094 1105 8071 2094 1272 1104 1243 1869 1113 7210 1105 1330 2394 1115 1132 7385 1236 1111 1155 1234 3253 1292 1552 119 102
101 1706 5100 1193 181 1341 4787 1110 178 25566 9739 1133 1195 1169 1654 1122 1106 1294 1412 1297 1618 117 12493 1164 2094 1115 1110 1211 1696 7631 1104 1412 14430 1133 1195 1202 1136 2653 2209 1106 1122 1536 119 102
101 146 1821 170 23981 1150 3349 1106 3593 1164 4159 3483 1105 4196 119 102
101 1109 3062 1104 2187 1110 146 1341 146 1821 1554 1104 4133 1133 16679 146 1169 1136 5594 1139 3044 1105 5758 1107 1483 119 102
101 1438 146 1169 3593 1292 4133 1107 1139 1319 2900 1846 1105 1115 112 188 1725 146 1821 2422 1115 1141 1285 146 1431 1129 1682 1106 3593 1343 4133 1107 1483 1112 1218 119 102
101 12956 7800 117 146 1138 1198 1435 1171 1121 170 1541 11215 1374 1552 1114 1139 5009 119 102
101 1337 1108 1103 1436 1282 146 1125 1518 1151 119 102
101 1195 1355 1106 1203 1365 1111 1300 1552 119 102
101 1212 9170 117 1195 2474 1120 1367 119 1405 119 102
101 1799 146 1108 1120 1103 5056 117 1143 5009 1108 9987 119 102
101 1332 146 1355 1171 117 170 17559 1455 1140 1136 1106 5427 117 1177 1119 1108 4259 1219 1103 2006 3043 119 102
101 1212 5286 117 1195 1355 1113 1126 10965 17504 3051 1158 1133 1103 6388 1500 1143 1136 1106 1321 5324 1272 146 1125 1106 4417 1172 119 102
101 1212 4306 1480 117 1195 1355 1106 170 4698 4382 1106 3940 1763 1161 119 102
101 4428 117 1195 7361 1120 1407 119 2532 9852 119 102
101 146 1341 146 1209 1301 1171 1397 1214 119 102
101 1135 1108 170 1218 2919 1111 170 7946 119 102
101 1847 117 1487 1114 1117 1160 2053 117 3379 1105 1287 1879 1321 170 12020 1120 153 5886 1358 12431 1968 10073 117 26835 16662 117 5355 119 102
101 1220 3403 1111 10068 3043 117 13519 1610 117 1105 3415 119 102
101 1220 1127 1315 7215 1105 1169 1136 3074 1106 1301 1175 119 102
101 3517 1141 2370 1196 6267 117 1152 3403 1166 1103 7210 1103 2844 1115 1547 1243 3888 1107 1147 1713 119 102
101 1247 1132 19585 6778 1403 25702 19496 2980 117 15038 8185 117 7085 9524 8212 24923 117 1353 5011 117 16627 2465 117 13343 117 6001 2642 1105 1103 1211 11215 1110 1106 4417 8888 1116 119 102
101 1448 1285 1196 1280 117 1847 2840 1515 170 2463 119 102
101 1124 2993 1106 2812 1117 1266 1106 1103 1411 119 102
101 1556 1155 1117 2644 1762 117 1119 1500 1117 1160 2053 1164 1103 2187 119 102
101 3379 1105 1287 1108 1304 4259 119 102
101 1220 1163 117 1152 1640 2919 1105 1847 11786 9832 1103 12020 119 102
101 1220 1444 1106 1341 1254 1164 1103 4788 1105 1155 1104 1103 4333 119 102
101 1847 1169 1136 2484 4169 117 1119 188 2528 15414 1117 2053 1105 2157 1380 1115 2256 1202 1136 1328 1106 2100 119 102
101 1230 1534 1767 1184 1125 2171 119 102
101 1153 2222 1106 1138 170 3345 2037 1114 1123 1488 1120 1117 1395 119 102
101 1153 1163 117 1948 1169 1294 2490 2644 1191 1122 1110 1136 7098 1205 1304 1218 119 102
101 1258 1155 1103 10228 19961 1116 117 1117 1534 4005 1140 1113 1117 5462 119 102
101 1847 2222 1106 1341 1254 10228 1193 119 102
101 1124 12910 1117 1534 1120 1103 1322 1104 1117 1395 112 188 1442 119 102
101 1847 1804 1103 1442 1105 1450 1120 1115 1721 1119 1125 1189 170 6223 119 102
101 1124 1270 1171 1117 2053 1105 5494 1106 7098 1205 1155 1103 6477 1146 119 102
101 1943 1350 1120 1117 2824 1105 1450 1115 1119 1125 1106 1202 1380 2411 1133 1119 5042 1184 1119 1125 1106 1202 1170 1341 6512 1119 100 1115 1119 1125 1106 3143 1117 6907 1112 1131 1108 5178 1105 1117 1534 1500 1140 1115 1117 6907 1458 1106 1267 1123 3995 1105 1458 1140 1106 1321 1123 1118 1117 1610 1112 8050 13335 2772 112 188 12257 1677 1121 1123 1402 1943 1879 1106 1301 1105 1119 4466 1117 1610 1106 1117 6907 112 188 1402 1107 1103 1397 2472 1170 1119 2474 117 1119 1486 1117 6907 1108 2613 1111 1140 1113 1103 1524 1104 1103 2472 1119 19158 1106 1123 1105 1455 1123 1106 1435 1106 1103 1610 117 107 1309 1713 107 1131 1500 1105 4176 1103 1610 3148 1140 119 102
101 1131 1108 1304 2503 102
101 1247 1110 170 1299 1150 1110 1211 1696 1111 1141 112 188 1297 119 102
101 146 1821 1136 1472 1121 1115 119 1175 1110 170 1171 4377 2933 1107 1139 1297 1119 1110 3839 1133 1139 1401 119 102
101 146 4161 1140 1177 1277 1105 21937 1145 119 102
101 1124 1110 1139 1436 1910 1150 1309 15483 1143 119 102
101 1124 1579 6618 1143 1118 2368 1363 4657 119 102
101 1124 1110 1126 7891 9230 1150 1309 1105 1256 3301 170 4277 119 102
101 1230 2086 1104 1686 26596 1110 1103 23565 119 102
101 1124 1579 8357 1103 3778 1105 3188 1366 1104 10101 3301 170 4277 119 1177 1677 1112 146 2676 1141 1285 1119 1108 28002 1143 2840 170 1385 1299 2242 1103 3771 1105 1500 170 14723 4055 119 102
101 8094 1139 1401 1225 1136 1587 1140 17346 1193 1133 1119 1189 1140 1221 1103 1268 1645 18232 119 102
101 1119 1110 170 21785 7349 119 102
101 1115 112 188 1725 146 21937 1140 119 102
101 6064 1294 12572 117 1302 1141 1474 146 1138 1136 1189 1251 6223 1107 1139 1297 119 102
101 146 1138 1189 1242 6223 146 3319 119 102
101 1252 1110 1115 1992 2463 1107 1412 1297 1137 1353 2463 1137 1122 1541 1674 1136 2187 136 102
101 2926 1202 1128 1541 20632 1184 1138 1128 1694 136 102
101 9169 1118 1610 2399 1126 1696 1648 1107 1412 1297 119 102
101 1247 1132 170 1974 1104 2029 3936 1107 1103 4324 119 102
101 1438 9169 1118 3592 1137 14172 1309 1243 1283 1121 1412 3828 9285 119 9169 1118 3592 1110 1136 1216 14785 1112 2033 170 1610 117 1133 1128 1156 1309 1221 1184 1169 3333 1114 1240 1610 117 1187 1122 1209 5342 1137 1199 1104 1168 100 1209 3333 119 102
101 2710 3936 1144 170 27646 119 102
101 1188 1864 3114 1433 1216 3767 1112 5494 1103 3404 1113 1103 4744 117 3038 1137 4281 4324 119 102
101 7219 3936 1660 1366 3404 17462 1116 117 170 1974 1104 14705 1105 6600 2365 7832 119 102
101 1284 1132 2033 5604 1272 1195 1132 2784 1136 1178 1111 1412 1297 1133 1168 1234 117 1315 119 102
101 1262 1145 1195 1138 1106 2437 1115 1329 1470 3936 1110 17780 1190 1329 170 1610 119 102
101 1109 1168 1334 1104 1103 2463 1110 19115 119 102
101 2009 1202 1195 1341 1115 1178 16670 1169 1129 1103 1514 1553 1104 1606 170 1610 136 102
101 1327 1169 1195 1474 1164 1412 14769 8418 136 102
101 2421 112 188 1321 170 11639 9169 1106 1412 1278 1137 2261 1939 1104 1606 1251 1470 1137 2029 3936 119 102
101 5371 1110 1167 1696 1111 1412 1297 119 102
101 2710 3936 1110 2479 1185 2174 1272 1104 9169 1118 1610 1110 1167 14785 119 102
101 2710 3936 1132 1136 6736 1111 20307 112 188 119 102
101 7938 1233 2197 1444 1106 12864 1113 1470 3936 1159 119 102
101 1135 1110 1167 4106 1165 1195 9169 1118 1610 119 102
101 1284 1169 1505 1390 1137 2037 1625 1229 1195 3201 1107 1103 1610 102
101 2710 3936 1110 1167 12533 119 102
101 1409 1175 1110 1185 2710 3936 1107 1199 1298 117 1173 1195 1444 1106 11562 11736 119 102
101 1573 1409 1195 1138 1412 1610 117 1122 1110 1277 5477 1190 1606 3936 119 102
101 12956 8125 117 102
101 1731 1132 1128 136 102
101 8835 1106 3531 1240 2998 1105 3858 1115 1128 1209 1129 1107 3475 3462 1142 2247 119 102
101 3475 3462 1110 7310 1282 1111 6001 117 5497 1105 3617 118 3195 1583 119 102
101 1192 1169 5080 2343 118 2094 1107 25185 24120 1105 15849 15018 1424 119 102
101 19383 2562 17084 1810 1107 21372 1918 2054 117 2824 1103 2712 1480 2458 1107 1103 10088 119 102
101 4981 117 3475 3462 1145 1144 1242 1583 8412 1111 20844 1377 4419 119 102
101 146 1821 1612 1115 1128 1209 1567 1142 1583 106 102
101 1409 1128 1328 1106 1525 170 2261 1111 1178 1210 1808 117 146 5996 1128 1169 6215 1483 1111 2247 11788 119 102
101 1130 3475 3462 117 1211 1104 2377 1156 1176 1106 1321 1199 4770 1107 2659 10450 119 102
101 146 1209 1243 1199 1869 1111 1128 1191 1128 1138 2199 1122 119 102
101 3593 1106 1143 1191 1128 1138 4275 1240 1122 16167 3113 1105 1702 1977 1106 1267 1128 1107 3475 3462 119 102
101 22515 102
101 146 1341 1470 3936 1110 13739 20148 117 1133 1103 2174 1209 7852 1366 1199 1912 1104 1472 2086 1104 3936 117 1216 1112 1103 1610 117 4208 117 170 1610 1195 1138 1151 1606 1155 1412 2491 119 102
101 1252 1142 1159 1209 1129 1330 1642 1272 1107 1546 1106 3277 1159 1105 1948 1195 1132 1280 1106 1329 1412 1319 1610 119 102
